;LAP Aft Skirt Orifice Flow Velocities (ft/s)
#I=0,694,1; vent_c1d7a_las.vsm C:\0_afc_work\LAP_AFT_Skirt_Ascent_Reentry_Venting_Thermal_Analysis_using_VISIM\VISSIM\vent_c1d7a_las.vsm @ Sat Oct 27 16:26:55 2018
0	-133.09	-133.09	-133.08	-133.08	-133.09	-133.09	-133.08	-133.09	-133.09	-133.08	-133.08
0.9995	-2.9712	-2.9446	-0.49901	1.1943	-2.7996	-3.1123	-0.49901	-2.2588	-2.2588	0.70997	-5.5215
1.9995	-4.5467	-4.5105	-1.6644	0.58146	-4.3134	-4.7396	-1.6644	-3.5913	-3.5913	-1.1678	-11.643
2.9995	-6.3103	-6.2657	-3.0337	-1.9919	-6.0237	-6.5485	-3.0337	-5.1501	-5.1501	-2.6073	-18.856
3.9995	-8.1609	-8.1082	-4.4584	-3.4478	-7.8234	-8.4424	-4.4584	-6.805	-6.805	-4.0258	-27.026
4.9995	-10.059	-9.9987	-5.9135	-4.8627	-9.6718	-10.383	-5.9135	-8.5105	-8.5105	-5.4559	-36.058
5.9995	-11.994	-11.926	-7.3992	-6.2857	-11.557	-12.36	-7.3992	-10.255	-10.255	-6.91	-45.88
6.9995	-13.954	-13.878	-8.9062	-7.7193	-13.468	-14.362	-8.9062	-12.025	-12.025	-8.3818	-56.437
7.9995	-15.942	-15.858	-10.444	-9.18	-15.408	-16.391	-10.444	-13.825	-13.825	-9.8834	-67.687
8.9995	-17.96	-17.869	-12.018	-10.676	-17.378	-18.45	-12.018	-15.659	-15.659	-11.421	-79.595
9.9995	-20.001	-19.903	-13.619	-12.197	-19.372	-20.531	-13.619	-17.517	-17.517	-12.985	-92.13
11	-22.434	-22.323	-15.265	-13.668	-21.727	-23.029	-15.265	-19.644	-19.644	-14.553	-108.44
12	-24.878	-24.755	-16.928	-15.157	-24.095	-25.538	-16.928	-21.785	-21.785	-16.139	-125.64
13	-27.34	-27.205	-18.617	-16.674	-26.479	-28.063	-18.617	-23.944	-23.944	-17.751	-143.7
14	-29.821	-29.674	-20.334	-18.224	-28.885	-30.609	-20.334	-26.127	-26.127	-19.393	-162.6
15	-32.319	-32.16	-22.076	-19.801	-31.308	-33.17	-22.076	-28.328	-28.328	-21.061	-182.33
16	-34.823	-34.652	-23.825	-21.386	-33.736	-35.737	-23.825	-30.536	-30.536	-22.737	-202.87
16.999	-37.335	-37.153	-25.587	-22.985	-36.173	-38.313	-25.587	-32.754	-32.754	-24.426	-224.47
17.999	-39.852	-39.658	-27.355	-24.591	-38.615	-40.892	-27.355	-34.976	-34.976	-26.122	-242.54
18.999	-42.375	-42.169	-29.132	-26.207	-41.064	-43.479	-29.132	-37.206	-37.206	-27.826	-257.7
19.999	-44.895	-44.678	-30.905	-27.818	-43.51	-46.062	-30.905	-39.432	-39.432	-29.527	-270.37
20.999	-48.704	-48.382	-32.693	-29.035	-47.136	-49.947	-32.693	-42.309	-42.309	-30.919	-286.27
21.999	-52.605	-52.166	-34.448	-30.16	-50.846	-53.922	-34.448	-45.213	-45.213	-32.226	-299.98
22.999	-56.622	-56.056	-36.211	-31.236	-54.664	-58.011	-36.211	-48.175	-48.175	-33.49	-311.65
23.999	-60.807	-60.107	-38.073	-32.369	-58.647	-62.264	-38.073	-51.262	-51.262	-34.809	-321.63
24.999	-65.297	-64.455	-40.262	-33.836	-62.933	-66.815	-40.262	-54.638	-54.638	-36.438	-329.98
25.999	-69.673	-68.678	-42.112	-34.844	-67.092	-71.256	-42.112	-57.808	-57.808	-37.643	-337.05
27	-74.296	-73.142	-44.211	-36.099	-71.497	-75.939	-44.211	-61.207	-61.207	-39.076	-342.72
28	-79.04	-77.719	-46.359	-37.361	-76.016	-80.74	-46.359	-64.683	-64.683	-40.516	-347.08
29	-83.902	-82.407	-48.558	-38.635	-80.649	-85.658	-48.558	-68.238	-68.238	-41.967	-350.17
30	-88.884	-87.208	-50.812	-39.927	-85.397	-90.694	-50.812	-71.874	-71.874	-43.434	-352.06
31	-95.032	-93.112	-53.163	-40.835	-91.228	-96.914	-53.163	-76.184	-76.184	-44.625	-356.78
32	-101.32	-99.146	-55.509	-41.626	-97.193	-103.27	-55.509	-80.563	-80.563	-45.713	-360.05
33	-107.79	-105.34	-57.912	-42.377	-103.32	-109.81	-57.912	-85.051	-85.051	-46.767	-361.92
34	-114.42	-111.69	-60.366	-43.082	-109.61	-116.5	-60.366	-89.643	-89.643	-47.784	-366.14
35	-121.21	-118.2	-62.872	-43.74	-116.05	-123.36	-62.872	-94.337	-94.337	-48.763	-369.11
36	-128.17	-124.86	-65.439	-44.368	-122.65	-130.38	-65.439	-99.138	-99.138	-49.718	-370.88
37	-135.29	-131.67	-68.072	-44.969	-129.4	-137.56	-68.072	-104.05	-104.05	-50.653	-371.48
38	-142.57	-138.63	-70.765	-45.541	-136.31	-144.89	-70.765	-109.06	-109.06	-51.566	-370.92
39	-150.01	-145.75	-73.526	-46.095	-143.36	-152.39	-73.526	-114.18	-114.18	-52.466	-369.24
40	-157.61	-153.01	-76.356	-46.636	-150.57	-160.04	-76.356	-119.4	-119.4	-53.357	-366.44
41	-167.09	-162.04	-79.323	-46.096	-159.53	-169.6	-79.323	-125.7	-125.7	-53.43	-365.82
42	-176.77	-171.27	-82.287	-45.237	-168.69	-179.36	-82.287	-132.1	-132.1	-53.257	-363.76
43	-186.69	-180.71	-85.318	-44.151	-178.06	-189.35	-85.318	-138.64	-138.64	-52.926	-360.27
44	-196.85	-190.37	-88.429	-42.842	-187.65	-199.57	-88.429	-145.34	-145.34	-52.452	-355.32
45	-207.24	-200.25	-91.61	-41.26	-197.47	-210.03	-91.61	-152.18	-152.18	-51.808	-348.89
46	-217.85	-210.34	-94.857	-39.356	-207.49	-220.71	-94.857	-159.15	-159.15	-50.974	-342.88
47	-228.68	-220.63	-98.161	-37.044	-217.72	-231.6	-98.161	-166.25	-166.25	-49.914	-335.48
48	-239.74	-231.13	-101.53	-34.253	-228.16	-242.73	-101.53	-173.49	-173.49	-48.62	-326.69
49	-251.01	-241.84	-104.95	-30.818	-238.8	-254.06	-104.95	-180.85	-180.85	-47.049	-316.49
50	-262.51	-252.75	-108.43	-26.501	-249.65	-265.63	-108.43	-188.34	-188.34	-45.178	-304.84
51	-274.13	-262.98	-110.45	-29.374	-260.78	-277.11	-110.45	-197.17	-197.17	-47.951	-294.62
52	-286.37	-273.77	-113.53	-36.523	-272.54	-289.19	-113.53	-206.8	-206.8	-53.578	-282.99
53	-298.88	-284.75	-116.83	-44.072	-284.58	-301.5	-116.83	-216.75	-216.75	-59.848	-269.55
54	-311.58	-295.85	-120.21	-51.597	-296.82	-314.01	-120.21	-226.92	-226.92	-66.383	-254.17
55	-324.48	-307.08	-123.64	-59.115	-309.24	-326.68	-123.64	-237.3	-237.3	-73.118	-236.63
56	-337.57	-318.41	-127.12	-66.668	-321.86	-339.52	-127.12	-247.88	-247.88	-80.035	-216.67
57	-350.84	-329.86	-130.64	-74.28	-334.67	-352.53	-130.64	-258.66	-258.66	-87.121	-193.79
58	-364.3	-341.42	-134.2	-81.973	-347.66	-365.71	-134.2	-269.63	-269.63	-94.367	-167.12
59	-377.95	-353.09	-137.8	-89.748	-360.84	-379.06	-137.8	-280.78	-280.78	-101.76	-133.16
60	-391.79	-364.87	-141.44	-97.625	-374.21	-392.57	-141.44	-292.13	-292.13	-109.31	-57.264
61	-398.65	-372.86	-152.54	-118.55	-381.27	-400.13	-152.54	-300.55	-300.55	-128.43	245.33
62	-403.3	-378.71	-159.22	-132.68	-386.12	-405.54	-159.22	-306.56	-306.56	-141.62	378.99
63	-406.91	-383.66	-164.75	-145.21	-389.96	-409.99	-164.75	-311.75	-311.75	-153.42	479.86
64	-409.8	-388.07	-170.05	-157.4	-393.16	-413.79	-170.05	-316.56	-316.56	-164.99	564.25
64.999	-412.07	-392.07	-175.42	-169.69	-395.8	-417.06	-175.42	-321.15	-321.15	-176.68	638.1
65.999	-413.68	-395.63	-180.84	-182.05	-397.86	-419.75	-180.84	-325.5	-325.5	-188.5	703.51
66.999	-414.63	-398.75	-186.36	-194.57	-399.34	-421.88	-186.36	-329.64	-329.64	-200.5	782.71
67.999	-414.93	-401.48	-192.1	-207.38	-400.27	-423.46	-192.1	-333.62	-333.62	-212.8	854.49
68.999	-414.49	-403.73	-197.92	-220.35	-400.54	-424.4	-197.92	-337.37	-337.37	-225.29	920.3
69.999	-413.3	-405.51	-203.89	-233.56	-400.17	-424.72	-203.89	-340.92	-340.92	-238.04	984.47
70.999	-414.64	-408.17	-208.07	-239.98	-401.7	-426.84	-208.07	-344.65	-344.65	-244.24	1043.6
71.999	-416.01	-410.99	-213.36	-247.44	-403.31	-429.02	-213.36	-348.84	-348.84	-251.44	1096.7
72.999	-417.1	-413.67	-219.16	-255.4	-404.69	-430.96	-219.16	-353.13	-353.13	-259.13	1144.8
73.999	-417.81	-416.11	-225.29	-263.72	-405.74	-432.56	-225.29	-357.42	-357.42	-267.17	1188.2
74.999	-417.74	-417.93	-231.1	-271.83	-406.06	-433.45	-231.1	-361.29	-361.29	-274.99	1227.6
75.999	-422.43	-421.35	-233.74	-268.99	-409.87	-437.73	-233.74	-365.55	-365.55	-272.12	1266.1
76.999	-427.4	-424.97	-237.25	-266.31	-413.94	-442.2	-237.25	-370.23	-370.23	-269.39	1318.6
77.999	-432.38	-428.49	-241.17	-263.36	-417.98	-446.62	-241.17	-375.04	-375.04	-266.38	1377.7
78.999	-437.29	-431.84	-245.34	-260	-421.91	-450.9	-245.34	-379.88	-379.88	-262.95	1432.7
79.999	-442.1	-434.97	-249.71	-256.15	-425.68	-454.99	-249.71	-384.72	-384.72	-259	1483.9
80.999	-447	-437.99	-254.48	-251.39	-429.44	-459.06	-254.48	-389.75	-389.75	-254.14	1534.3
81.999	-451.59	-440.57	-259.19	-245.67	-432.84	-462.76	-259.19	-394.57	-394.57	-248.31	1581.3
82.999	-455.94	-442.77	-263.94	-239	-435.93	-466.11	-263.94	-399.25	-399.25	-241.51	1624.8
83.999	-460	-444.52	-268.7	-231.22	-438.67	-469.08	-268.7	-403.76	-403.76	-233.56	1664.7
84.999	-463.76	-445.83	-273.47	-222.17	-441.04	-471.66	-273.47	-408.09	-408.09	-224.34	1700.8
85.999	-410.62	-458.17	-238.38	-232.29	-453.9	-417.78	-238.38	-422.52	-422.52	-234.16	1726.5
86.999	-360.75	-481.9	-218.84	-263.19	-478.26	-366.88	-218.84	-449.22	-449.22	-264.65	1732.8
87.999	-308.9	-511.21	-208.99	-301.74	-508.23	-313.67	-208.99	-481.72	-481.72	-302.82	1740.5
88.999	-249.18	-542.91	-204.23	-341.81	-540.57	-252.14	-204.23	-516.54	-516.54	-342.57	1748.5
89.999	-170.48	-575.45	-201.77	-381.24	-573.74	-170.48	-201.77	-552.08	-552.08	-381.75	1749.3
90.999	-184.91	-527.13	-219.63	-415.94	-525.65	-184.91	-219.63	-511.62	-511.62	-416.26	1752
91.999	-187.78	-467.8	-227.56	-444.82	-466.57	-187.78	-227.56	-461.28	-461.28	-444.97	1754.3
92.999	-185.72	-396.23	-231.49	-471.38	-395.29	-185.72	-231.49	-400.89	-400.89	-471.37	1752.5
93.999	-181.35	-306.4	-233.77	-497	-305.81	-181.35	-233.77	-327.07	-327.07	-496.83	1744.9
94.999	-175.86	-174.32	-235.45	-522.27	-174.32	-175.86	-235.45	-228.98	-228.98	-521.95	1741.6
95.999	-179.31	-173.27	-254.7	-479.65	-173.27	-179.31	-254.7	-244.66	-244.66	-479.37	1744.2
96.999	-170.38	-158.97	-265.28	-426.09	-158.97	-170.38	-265.28	-251.52	-251.52	-425.86	1745.2
97.999	-153.88	-134.97	-272.09	-360.32	-134.97	-153.88	-272.09	-254.38	-254.38	-360.13	1740.6
98.999	-129.66	-97.892	-276.69	-275.56	-97.892	-129.66	-276.69	-254.76	-254.76	-275.45	1728.3
99.999	-95.043	5.8081	-280.23	-144.15	5.9822	-95.043	-280.23	-253.85	-253.85	-144.14	1705.9
101	-47.199	111.12	-279.68	36.351	114.47	-47.199	-279.68	-250.66	-250.66	36.501	1707.7
102	81.286	155.34	-280.28	190.96	160.04	83.925	-280.28	-248.65	-248.65	191.72	1722.5
103	128.76	189.07	-281.56	269.47	194.81	132.93	-281.56	-247.32	-247.32	270.51	1729.1
104	162.88	217.65	-283.29	331.46	224.27	168.13	-283.29	-246.43	-246.43	332.71	1726.7
105	191.56	243.38	-285.17	385.2	250.81	197.7	-285.17	-245.65	-245.65	386.61	1714.3
106	218.3	267.53	-282.74	406.74	275.69	225.27	-282.74	-240.64	-240.64	408.2	1691.8
107	238.77	286.88	-282.21	425.35	295.63	246.36	-282.21	-237.79	-237.79	426.84	1653.7
108	256.1	303.73	-282.67	442.34	312.99	264.2	-282.67	-236.07	-236.07	443.85	1597.5
109	271.39	318.9	-283.74	458.12	328.61	279.94	-283.74	-235.07	-235.07	459.66	1573
110	285.26	332.87	-285.25	473.03	342.99	294.21	-285.25	-234.6	-234.6	474.58	1569
111	267.89	317.65	-292.85	461.41	327.31	276.27	-292.85	-244.42	-244.42	462.9	1558.2
112	252.61	304.34	-298.09	451.05	313.6	260.49	-298.09	-251.42	-251.42	452.48	1536.7
113	237.45	291.2	-302.21	440.63	300.06	244.84	-302.21	-257.11	-257.11	442.01	1501.1
114	221.68	277.69	-305.61	429.87	286.16	228.57	-305.61	-262.03	-262.03	431.2	1447.1
115	204.38	263.12	-308.63	418.24	271.15	210.73	-308.63	-266.56	-266.56	419.53	1368.9
116	165.18	232.8	-318.13	397.24	239.92	170.31	-318.13	-278.46	-278.46	398.45	1255.7
117	122.69	203.41	-324.92	377.69	209.64	126.51	-324.92	-287.2	-287.2	378.83	1094.8
118	62.437	172.01	-330.25	358.27	177.3	64.379	-330.25	-294.29	-294.29	359.34	1046.2
119	-63.68	134.33	-334.9	337.74	138.47	-63.68	-334.9	-300.62	-300.62	338.74	1082.2
120	-101.16	81.94	-338.94	315.92	84.473	-101.16	-338.94	-306.3	-306.3	316.86	1104
121	-155.67	-103.24	-353.45	266.72	-103.24	-155.67	-353.45	-323.65	-323.65	267.51	1118.7
122	-188.82	-150.63	-363.36	216.13	-150.63	-188.82	-363.36	-335.88	-335.88	216.76	1121.6
123	-213.12	-181.97	-370.32	157.64	-181.97	-213.12	-370.32	-344.89	-344.89	158.1	1110.4
124	-232.67	-206.24	-375.3	67.435	-206.24	-232.67	-375.3	-351.8	-351.8	67.634	1084.5
125	-248.85	-226.02	-378.55	-91.755	-226.02	-248.85	-378.55	-356.91	-356.91	-91.755	1026.6
126	-269.8	-249.54	-389.8	-143.7	-249.54	-269.8	-389.8	-369.5	-369.5	-143.7	872.36
127	-283.33	-264.74	-396.35	-171.96	-264.74	-283.33	-396.35	-377.09	-377.09	-171.96	482.09
128	-291.5	-274.1	-399.2	-189.13	-274.1	-291.5	-399.2	-380.79	-380.79	-189.13	-347.71
129	-295.97	-279.49	-399.34	-199.9	-279.49	-295.97	-399.34	-381.66	-381.66	-199.9	-622.07
130	-299.79	-283.85	-400.36	-207.63	-283.85	-299.79	-400.36	-383.14	-383.14	-207.63	-909.04
131	-350.4	-337.27	-436.77	-278.41	-337.27	-350.4	-436.77	-421.6	-421.6	-278.41	-1027.4
132	-517.54	-510.13	-569.93	-479.17	-510.13	-517.54	-569.93	-560.31	-560.31	-479.17	-1009.9
133	-633.84	-629.3	-666.65	-610.6	-629.3	-633.84	-666.65	-660.54	-660.54	-610.6	-975.35
134	-733.1	-730.86	-749.42	-721.69	-730.86	-733.1	-749.42	-746.37	-746.37	-721.69	-928.38
135	-827.77	-827.77	-827.78	-827.77	-827.77	-827.77	-827.78	-827.78	-827.78	-827.77	-870.71
136	310.06	818.77	-618.09	1313.5	854.3	323.5	-618.09	-618.09	-618.09	1318.6	-814.19
137	945.79	1310.5	-392.62	1310.9	1368.2	987.32	-392.62	-392.62	-392.62	1316.1	-783.15
138	1208.3	1307.9	-138.95	1308.3	1366.3	1262.1	-138.95	-138.95	-138.95	1313.6	-800.19
139	1305.1	1305.3	26.545	1305.7	1364.3	1363.9	27.149	27.651	26.545	1311	-884.79
140	1302.5	1302.7	-5.1644	1303.1	1362.4	1362	-5.1644	-5.1644	-5.1644	1308.5	-968.48
141	884.95	1344.4	-936.61	1373.9	1399	920.79	-936.61	-936.61	-936.61	1378.5	-935.29
142	743.41	1384.8	-873.43	1441.2	1434.7	770.09	-873.43	-873.43	-873.43	1445.2	-872.1
143	738.51	1396	-815.52	1505.5	1440.5	761.96	-815.52	-815.52	-815.52	1508.9	-807.58
144	851.03	1462.3	-761.56	1567.2	1503.5	874.89	-761.56	-761.56	-761.56	1570	-742.29
145	950.99	1499.6	-708.34	1626.6	1536.8	974.45	-708.34	-708.34	-708.34	1628.9	-677.18
146	1016.2	1501.6	-656.86	1629.3	1538.4	1041	-656.86	-656.86	-656.86	1631.6	-613.06
147	1068.4	1503.5	-608.27	1632	1540	1094.2	-608.27	-608.27	-608.27	1634.2	-550.94
148	1108.6	1505.5	-563.63	1634.8	1541.6	1135.1	-563.63	-563.63	-563.63	1636.9	-491.77
149	1138	1507.5	-523.73	1637.5	1543.2	1164.8	-523.73	-523.73	-523.73	1639.5	-436.35
150	1157.3	1509.4	-489.36	1640.2	1544.8	1184.3	-489.36	-489.36	-489.36	1642.2	-385.72
151	1160.4	1502.8	-461.47	1631.4	1538.7	1187.9	-461.47	-461.47	-461.47	1633.4	-341.48
152	1155.4	1496.1	-439.6	1622.5	1532.4	1183.3	-439.6	-439.6	-439.6	1624.6	-303.82
153	1143.6	1489.4	-423.11	1613.6	1526.2	1171.7	-423.11	-423.11	-423.11	1615.7	-272.98
154	1110.2	1482.6	-343.71	1604.6	1519.9	1137.9	-343.71	-343.71	-343.71	1606.8	-257.19
155	1012.8	1461.6	-205.83	1595.6	1499	1038.6	-205.83	-205.83	-205.83	1597.8	-320.89
156	859.13	1248.6	-163.26	1557.5	1284	883.37	-163.26	-163.26	-163.26	1560	-418.18
157	687.93	1021.9	-185.37	1518.5	1054	709.39	-185.37	-185.37	-185.37	1521.2	-500.65
158	504.03	784.18	-221.07	1478.4	811.35	521.38	-221.07	-221.07	-221.07	1481.4	-562.65
159	280.03	516.43	-257.15	1277	536.15	290.64	-257.15	-257.15	-257.15	1280	-608.91
160	-195.82	-75.458	-291.38	444.41	-75.458	-195.82	-291.38	-291.38	-291.38	445.6	-643.24
161	189.78	322.47	-196.99	628.25	336.53	198	-196.99	-196.99	-196.99	630.02	-686.15
162	301.49	418.67	-134.95	734.51	437.61	315.03	-134.95	-134.95	-134.95	736.7	-749.32
163	350.48	471.58	-107.32	806.38	493.71	366.81	-107.32	-107.32	-107.32	808.9	-820.8
164	382.17	509.4	-97.37	861.84	534.18	400.64	-97.37	-97.37	-97.37	864.67	-892.9
165	406.94	540	-93.648	907.13	567.23	427.32	-93.648	-93.648	-93.648	910.25	-963.34
166	-277.48	-48.306	-430.56	652.81	-48.306	-277.48	-430.56	-430.56	-430.56	655.15	-986.66
167	-478.63	-406.57	-566.16	319.37	-406.57	-478.63	-566.16	-566.16	-566.16	320.56	-976.63
168	-614.23	-572.99	-668.14	-381.74	-572.99	-614.23	-668.14	-668.14	-668.14	-381.74	-951.37
169	-731.13	-711.27	-757.79	-628.51	-711.27	-731.13	-757.79	-757.79	-757.79	-628.51	-914.97
170	-844.71	-844.7	-844.73	-844.66	-844.7	-844.71	-844.73	-844.73	-844.73	-844.66	-869.39
171	-794.22	-794.22	-794.22	-794.22	-794.22	-794.22	-794.22	-794.22	-794.22	-794.22	-819.76
172	-744.26	-744.26	-744.26	-744.26	-744.26	-744.26	-744.26	-744.26	-744.26	-744.26	-770.89
173	-695.77	-695.77	-695.77	-695.77	-695.77	-695.77	-695.77	-695.77	-695.77	-695.77	-723.62
174	-649.54	-649.54	-649.54	-649.54	-649.54	-649.54	-649.54	-649.54	-649.54	-649.54	-678.73
175	-606.37	-606.37	-606.37	-606.37	-606.37	-606.37	-606.37	-606.37	-606.37	-606.37	-636.98
176	-567.05	-567.05	-567.05	-567.05	-567.05	-567.05	-567.05	-567.05	-567.05	-567.05	-599.14
177	-532.05	-532.05	-532.05	-532.05	-532.05	-532.05	-532.05	-532.05	-532.05	-532.05	-565.6
178	-501.61	-501.61	-501.61	-501.61	-501.61	-501.61	-501.61	-501.61	-501.61	-501.61	-536.56
179	-475.76	-475.76	-475.76	-475.76	-475.76	-475.76	-475.76	-475.76	-475.76	-475.76	-511.99
180	-454.14	-454.14	-454.14	-454.14	-454.14	-454.14	-454.14	-454.14	-454.14	-454.14	-491.49
181	-436.27	-436.27	-436.27	-436.27	-436.27	-436.27	-436.27	-436.27	-436.27	-436.27	-474.53
182	-421.44	-421.44	-421.44	-421.44	-421.44	-421.44	-421.44	-421.44	-421.44	-421.44	-460.44
183	-408.83	-408.83	-408.83	-408.83	-408.83	-408.83	-408.83	-408.83	-408.83	-408.83	-448.45
184	-397.95	-397.95	-397.95	-397.95	-397.95	-397.95	-397.95	-397.95	-397.95	-397.95	-438.06
185	-388.44	-388.44	-388.44	-388.44	-388.44	-388.44	-388.44	-388.44	-388.44	-388.44	-428.96
186	-379.88	-379.88	-379.88	-379.88	-379.88	-379.88	-379.88	-379.88	-379.88	-379.88	-420.74
187	-371.97	-371.97	-371.97	-371.97	-371.97	-371.97	-371.97	-371.97	-371.97	-371.97	-413.11
188	-364.59	-364.59	-364.59	-364.59	-364.59	-364.59	-364.59	-364.59	-364.59	-364.59	-405.99
189	-357.52	-357.52	-357.52	-357.52	-357.52	-357.52	-357.52	-357.52	-357.52	-357.52	-399.16
190	-350.61	-350.61	-350.61	-350.61	-350.61	-350.61	-350.61	-350.61	-350.61	-350.61	-392.48
191	-343.76	-343.76	-343.76	-343.76	-343.76	-343.76	-343.76	-343.76	-343.76	-343.76	-386
192	-337.03	-337.03	-337.03	-337.03	-337.03	-337.03	-337.03	-337.03	-337.03	-337.03	-379.64
193	-330.33	-330.33	-330.33	-330.33	-330.33	-330.33	-330.33	-330.33	-330.33	-330.33	-373.29
194	-323.72	-323.72	-323.72	-323.72	-323.72	-323.72	-323.72	-323.72	-323.72	-323.72	-367.02
195	-317.1	-317.1	-317.1	-317.1	-317.1	-317.1	-317.1	-317.1	-317.1	-317.1	-360.74
196	-310.45	-310.45	-310.45	-310.45	-310.45	-310.45	-310.45	-310.45	-310.45	-310.45	-354.43
197	-303.81	-303.81	-303.81	-303.81	-303.81	-303.81	-303.81	-303.81	-303.81	-303.81	-348.13
198	-297.13	-297.13	-297.13	-297.13	-297.13	-297.13	-297.13	-297.13	-297.13	-297.13	-341.79
199	-290.4	-290.4	-290.4	-290.4	-290.4	-290.4	-290.4	-290.4	-290.4	-290.4	-335.4
200	-283.68	-283.68	-283.68	-283.68	-283.68	-283.68	-283.68	-283.68	-283.68	-283.68	-329.03
201	-276.94	-276.94	-276.94	-276.94	-276.94	-276.94	-276.94	-276.94	-276.94	-276.94	-322.58
202	-270.1	-270.1	-270.1	-270.1	-270.1	-270.1	-270.1	-270.1	-270.1	-270.1	-316.06
203	-263.29	-263.29	-263.29	-263.29	-263.29	-263.29	-263.29	-263.29	-263.29	-263.29	-309.57
204	-256.41	-256.41	-256.41	-256.41	-256.41	-256.41	-256.41	-256.41	-256.41	-256.41	-303.03
205	-249.46	-249.46	-249.46	-249.46	-249.46	-249.46	-249.46	-249.46	-249.46	-249.46	-296.44
206	-242.52	-242.52	-242.52	-242.52	-242.52	-242.52	-242.52	-242.52	-242.52	-242.52	-289.87
207	-235.53	-235.53	-235.53	-235.53	-235.53	-235.53	-235.53	-235.53	-235.53	-235.53	-283.28
208	-228.48	-228.48	-228.48	-228.48	-228.48	-228.48	-228.48	-228.48	-228.48	-228.48	-276.65
209	-221.44	-221.44	-221.44	-221.44	-221.44	-221.44	-221.44	-221.44	-221.44	-221.44	-270.05
210	-214.38	-214.38	-214.38	-214.38	-214.38	-214.38	-214.38	-214.38	-214.38	-214.38	-263.46
211	-214.04	-214.04	-214.04	-214.04	-214.04	-214.04	-214.04	-214.04	-214.04	-214.04	-262.5
212	-223.9	-223.9	-223.9	-223.9	-223.9	-223.9	-223.9	-223.9	-223.9	-223.9	-269.96
213	-234.06	-234.06	-234.06	-234.06	-234.06	-234.06	-234.06	-234.06	-234.06	-234.06	-277.83
214	-244.1	-244.1	-244.1	-244.1	-244.1	-244.1	-244.1	-244.1	-244.1	-244.1	-285.74
215	-254.25	-254.25	-254.25	-254.25	-254.25	-254.25	-254.25	-254.25	-254.25	-254.25	-293.86
216	-264.56	-264.56	-264.56	-264.56	-264.56	-264.56	-264.56	-264.56	-264.56	-264.56	-302.24
217	-274.59	-274.59	-274.59	-274.59	-274.59	-274.59	-274.59	-274.59	-274.59	-274.59	-310.49
218	-284.61	-284.61	-284.61	-284.61	-284.61	-284.61	-284.61	-284.61	-284.61	-284.61	-318.82
219	-294.31	-294.31	-294.31	-294.31	-294.31	-294.31	-294.31	-294.31	-294.31	-294.31	-326.96
220	-304.74	-304.74	-304.74	-304.74	-304.74	-304.74	-304.74	-304.74	-304.74	-304.74	-335.84
221	-314.86	-314.86	-314.86	-314.86	-314.86	-314.86	-314.86	-314.86	-314.86	-314.86	-344.84
222	-324.89	-324.89	-324.89	-324.89	-324.89	-324.89	-324.89	-324.89	-324.89	-324.89	-353.81
223	-334.76	-334.76	-334.76	-334.76	-334.76	-334.76	-334.76	-334.76	-334.76	-334.76	-362.67
224	-343.95	-343.95	-343.95	-343.95	-343.95	-343.95	-343.95	-343.95	-343.95	-343.95	-370.95
225	-353.06	-353.06	-353.06	-353.06	-353.06	-353.06	-353.06	-353.06	-353.06	-353.06	-379.2
226	-361.6	-361.6	-361.6	-361.6	-361.6	-361.6	-361.6	-361.6	-361.6	-361.6	-386.94
227	-369.67	-369.67	-369.67	-369.67	-369.67	-369.67	-369.67	-369.67	-369.67	-369.67	-394.26
228	-377.05	-377.05	-377.05	-377.05	-377.05	-377.05	-377.05	-377.05	-377.05	-377.05	-400.96
229	-384.26	-384.26	-384.26	-384.26	-384.26	-384.26	-384.26	-384.26	-384.26	-384.26	-407.51
230	-390.49	-390.49	-390.49	-390.49	-390.49	-390.49	-390.49	-390.49	-390.49	-390.49	-413.14
231	-396.45	-396.45	-396.45	-396.45	-396.45	-396.45	-396.45	-396.45	-396.45	-396.45	-418.83
232	-401.39	-401.39	-401.39	-401.39	-401.39	-401.39	-401.39	-401.39	-401.39	-401.39	-423.54
233	-406	-406	-406	-406	-406	-406	-406	-406	-406	-406	-427.94
234	-409.93	-409.93	-409.93	-409.93	-409.93	-409.93	-409.93	-409.93	-409.93	-409.93	-431.69
235	-412.99	-412.99	-412.99	-412.99	-412.99	-412.99	-412.99	-412.99	-412.99	-412.99	-434.61
236	-415.46	-415.46	-415.46	-415.46	-415.46	-415.46	-415.46	-415.46	-415.46	-415.46	-436.97
237	-417.2	-417.2	-417.2	-417.2	-417.2	-417.2	-417.2	-417.2	-417.2	-417.2	-438.64
238	-418.1	-418.1	-418.1	-418.1	-418.1	-418.1	-418.1	-418.1	-418.1	-418.1	-439.49
239	-418.49	-418.49	-418.49	-418.49	-418.49	-418.49	-418.49	-418.49	-418.49	-418.49	-439.86
240	-416.24	-416.24	-416.24	-416.24	-416.24	-416.24	-416.24	-416.24	-416.24	-416.24	-437.71
241	-410.13	-410.13	-410.13	-410.13	-410.13	-410.13	-410.13	-410.13	-410.13	-410.13	-432.11
242	-400.2	-400.2	-400.2	-400.2	-400.2	-400.2	-400.2	-400.2	-400.2	-400.2	-422.9
243	-386.19	-386.19	-386.19	-386.19	-386.19	-386.19	-386.19	-386.19	-386.19	-386.19	-409.86
244	-367.64	-367.64	-367.64	-367.64	-367.64	-367.64	-367.64	-367.64	-367.64	-367.64	-392.62
245	-343.86	-343.86	-343.86	-343.86	-343.86	-343.86	-343.86	-343.86	-343.86	-343.86	-370.64
246	-313.64	-313.64	-313.64	-313.64	-313.64	-313.64	-313.64	-313.64	-313.64	-313.64	-342.98
247	-274.98	-274.98	-274.98	-274.98	-274.98	-274.98	-274.98	-274.98	-274.98	-274.98	-308.23
248	-223.54	-223.54	-223.54	-223.54	-223.54	-223.54	-223.54	-223.54	-223.54	-223.54	-263.58
249	-146.64	-146.64	-146.64	-146.64	-146.64	-146.64	-146.64	-146.64	-146.64	-146.64	-202.75
250	104.85	104.77	104.18	105.37	116.4	116.37	110.64	115.26	104.05	106.45	-99.413
251	222.42	222.25	221	223.51	246.93	246.88	234.72	244.53	220.73	225.81	208.81
252	302.57	302.34	300.67	304.04	335.96	335.89	319.35	332.69	300.3	307.18	332.56
253	370.51	370.22	368.2	372.3	411.44	411.36	391.1	407.44	367.75	376.15	428.08
254	414.93	414.61	412.38	416.92	460.82	460.73	438.04	456.35	411.86	421.25	488.26
255	401.05	400.73	398.6	402.96	445.45	445.36	423.43	441.14	398.1	407.14	468.68
256	387.27	386.97	384.93	389.11	430.19	430.1	408.92	426.03	384.45	393.16	449.13
257	373.01	372.72	370.78	374.77	414.39	414.3	393.9	410.39	370.31	378.68	428.79
258	358.24	357.95	356.11	359.92	398.01	397.93	378.34	394.18	355.66	363.68	407.59
259	344.8	344.52	342.77	346.41	383.11	383.03	364.17	379.43	342.33	350.03	388.05
260	331.45	331.18	329.52	332.98	368.31	368.24	350.11	364.77	329.09	336.47	368.45
261	317.86	317.61	316.03	319.33	353.24	353.17	335.78	349.86	315.62	322.68	347.9
262	304.65	304.4	302.9	306.05	338.58	338.52	321.85	335.34	302.51	309.27	327.57
263	291.93	291.69	290.27	293.26	324.47	324.4	308.43	321.36	289.89	296.35	307.61
264	279.12	278.89	277.54	280.39	310.25	310.19	294.92	307.29	277.18	283.34	287.09
265	266.21	265.99	264.72	267.42	295.93	295.87	281.31	293.11	264.38	270.24	265.9
266	254.17	253.95	252.75	255.31	282.56	282.5	268.59	279.86	252.42	258.01	245.42
267	241.87	241.67	240.54	242.96	268.91	268.86	255.62	266.35	240.22	245.53	223.77
268	230.01	229.82	228.75	231.04	255.73	255.68	243.1	253.3	228.45	233.49	201.84
269	218.16	217.98	216.97	219.13	242.57	242.53	230.59	240.27	216.68	221.46	178.58
270	207.19	207.01	206.07	208.11	230.39	230.34	219.01	228.2	205.79	210.32	155.2
271	195.95	195.78	194.89	196.81	217.9	217.86	207.13	215.83	194.63	198.91	127.28
272	185.34	185.18	184.34	186.15	206.11	206.07	195.93	204.16	184.1	188.14	95.387
273	175.11	174.96	174.18	175.88	194.75	194.71	185.13	192.9	173.94	177.75	50.809
274	171.2	171.05	170.29	171.95	190.41	190.37	181	188.6	170.06	173.78	-14.503
275	174.11	173.95	173.19	174.87	193.65	193.61	184.08	191.82	172.95	176.73	22.694
276	178.19	178.03	177.25	178.96	198.2	198.16	188.41	196.33	177.01	180.88	44.671
277	182.31	182.15	181.36	183.1	202.79	202.75	192.77	200.87	181.11	185.06	59.595
278	186.49	186.32	185.52	187.29	207.44	207.41	197.2	205.49	185.26	189.3	72.08
279	190.68	190.5	189.69	191.5	212.11	212.07	201.64	210.11	189.43	193.55	83.095
280	194.67	194.49	193.67	195.5	216.56	216.52	205.87	214.52	193.4	197.6	92.483
281	198.87	198.69	197.85	199.72	221.24	221.2	210.32	219.16	197.57	201.86	101.15
282	202.96	202.78	201.92	203.83	225.8	225.76	214.65	223.68	201.64	206.01	109.04
283	206.82	206.63	205.77	207.7	230.11	230.06	218.75	227.94	205.48	209.93	115.99
284	210.76	210.56	209.69	211.65	234.49	234.45	222.91	232.29	209.39	213.93	122.93
285	214.68	214.48	213.6	215.59	238.87	238.82	227.07	236.62	213.3	217.91	129.66
286	218.39	218.19	217.3	219.32	243	242.96	231.01	240.72	216.99	221.68	135.74
287	222.18	221.97	221.07	223.12	247.22	247.18	235.02	244.9	220.76	225.52	141.95
288	225.96	225.75	224.84	226.91	251.44	251.4	239.03	249.08	224.52	229.36	148.06
289	229.53	229.31	228.39	230.49	255.41	255.37	242.81	253.02	228.06	232.98	153.59
290	233.16	232.94	232.01	234.14	259.47	259.42	246.66	257.03	231.68	236.67	159.24
291	236.73	236.5	235.56	237.72	263.44	263.4	250.44	260.97	235.22	240.29	164.96
292	240.13	239.9	238.95	241.13	267.23	267.18	254.05	264.73	238.61	243.74	170.25
293	243.61	243.38	242.41	244.62	271.11	271.06	257.73	268.57	242.07	247.27	175.67
294	247.1	246.87	245.9	248.13	275	274.96	261.44	272.43	245.54	250.81	181.06
295	250.4	250.16	249.18	251.44	278.68	278.63	264.93	276.07	248.82	254.16	186.02
296	253.68	253.44	252.45	254.73	282.34	282.29	268.41	279.7	252.08	257.49	190.92
297	257.04	256.79	255.79	258.1	286.08	286.03	271.97	283.4	255.42	260.9	196.03
298	259.9	259.64	258.64	260.96	289.26	289.22	275	286.56	258.26	263.8	200.14
299	262.57	262.31	261.3	263.64	292.24	292.19	277.83	289.51	260.92	266.5	203.9
300	265.28	265.02	264.01	266.36	295.27	295.22	280.71	292.51	263.62	269.26	207.74
301	267.24	266.98	265.96	268.33	297.45	297.41	282.79	294.68	265.57	271.25	211.6
302	269.49	269.22	268.2	270.59	299.96	299.91	285.17	297.16	267.81	273.53	215.92
303	271.94	271.66	270.64	273.04	302.69	302.64	287.77	299.86	270.24	276.01	220.57
304	274.14	273.87	272.84	275.25	305.15	305.1	290.1	302.3	272.43	278.25	224.76
305	276.34	276.06	275.03	277.45	307.6	307.55	292.43	304.73	274.62	280.48	228.9
306	278.61	278.33	277.3	279.74	310.13	310.08	294.85	307.24	276.88	282.79	233.19
307	280.67	280.38	279.34	281.8	312.42	312.37	297.02	309.51	278.92	284.87	237.16
308	282.69	282.4	281.36	283.82	314.67	314.63	299.17	311.75	280.93	286.92	241.06
309	284.78	284.49	283.45	285.92	317.01	316.96	301.39	314.06	283.02	289.04	245.09
310	286.63	286.33	285.29	287.77	319.07	319.02	303.35	316.1	284.85	290.92	248.68
311	288.57	288.27	287.22	289.72	321.23	321.18	305.41	318.24	286.78	292.88	252.14
312	290.5	290.2	289.15	291.66	323.38	323.33	307.45	320.38	288.7	294.84	255.59
313	292.18	291.88	290.82	293.34	325.26	325.21	309.24	322.23	290.38	296.55	258.6
314	293.87	293.57	292.51	295.04	327.14	327.1	311.03	324.1	292.06	298.27	261.64
315	295.58	295.27	294.22	296.75	329.05	329	312.85	325.99	293.76	300	264.71
316	297.22	296.9	295.85	298.38	330.72	330.67	314.49	327.66	295.4	301.63	267.28
317	298.76	298.44	297.4	299.92	332.29	332.24	316.04	329.23	296.94	303.17	269.73
318	300.31	299.99	298.95	301.47	333.87	333.82	317.6	330.8	298.49	304.72	272.2
319	301.61	301.3	300.26	302.77	335.17	335.13	318.9	332.1	299.8	306.02	274.27
320	302.93	302.62	301.58	304.09	336.5	336.45	320.21	333.42	301.12	307.33	276.38
321	304.12	303.8	302.77	305.27	337.74	337.7	321.43	334.66	302.3	308.52	278.76
322	305.17	304.84	303.82	306.32	338.84	338.8	322.5	335.76	303.35	309.57	281.17
323	306.27	305.95	304.92	307.42	340	339.96	323.63	336.91	304.46	310.68	283.71
324	307.42	307.1	306.08	308.58	341.22	341.17	324.82	338.12	305.61	311.84	286.34
325	308.37	308.05	307.03	309.52	342.2	342.16	325.78	339.1	306.56	312.79	288.67
326	309.4	309.07	308.06	310.55	343.15	343.11	326.76	340.06	307.59	313.8	290.89
327	311.02	310.7	309.69	312.16	344.76	344.72	328.37	341.67	309.22	315.42	294.23
328	313.75	313.43	312.42	314.9	347.6	347.55	331.14	344.49	311.95	318.16	299.33
329	316.89	316.56	315.56	318.03	350.88	350.84	334.35	347.76	315.09	321.31	305.07
330	320.33	319.99	318.99	321.47	354.49	354.45	337.86	351.35	318.52	324.76	311.26
331	324.42	324.08	323.08	325.57	358.78	358.73	342.04	355.61	322.6	328.87	316.89
332	329.05	328.71	327.71	330.2	363.65	363.61	346.79	360.46	327.22	333.52	323.54
333	334.86	334.52	333.51	336.02	369.83	369.79	352.77	366.6	333.02	339.37	332
334	340.93	340.58	339.57	342.1	376.28	376.24	359.02	373.01	339.07	345.48	340.83
335	347.28	346.93	345.91	348.46	383.04	382.99	365.57	379.73	345.41	351.88	350.08
336	354.02	353.66	352.64	355.22	390.25	390.21	372.56	386.9	352.13	358.68	359.65
337	360.63	360.26	359.23	361.83	397.31	397.27	379.39	393.92	358.71	365.34	369.3
338	367.27	366.9	365.86	368.49	404.41	404.36	386.26	400.97	365.33	372.04	378.99
339	374.12	373.74	372.68	375.34	411.71	411.67	393.34	408.23	372.15	378.94	388.97
340	380.78	380.4	379.34	382.03	418.82	418.77	400.23	415.3	378.8	385.66	398.68
341	387.71	387.32	386.25	388.96	426.15	426.1	407.36	422.59	385.7	392.63	408.33
342	394.6	394.2	393.13	395.86	433.43	433.38	414.44	429.83	392.57	399.56	418.06
343	401.18	400.78	399.7	402.45	440.36	440.32	421.19	436.73	399.14	406.19	427.36
344	407.64	407.24	406.16	408.92	447.16	447.12	427.82	443.49	405.59	412.69	436.51
345	414.1	413.69	412.6	415.38	453.93	453.89	434.43	450.24	412.03	419.18	445.67
346	420.51	420.1	419.02	421.8	460.41	460.37	440.86	456.71	418.45	425.59	454.09
347	426.43	426.02	424.94	427.71	466.32	466.28	446.76	462.62	424.36	431.5	462.35
348	431.4	430.99	429.92	432.67	471.19	471.15	451.67	467.49	429.34	436.45	469.25
349	434.15	433.74	432.69	435.41	473.64	473.6	454.25	469.97	432.11	439.15	472.93
350	435.79	435.38	434.35	437.03	474.87	474.83	455.67	471.23	433.78	440.73	474.98
351	438.84	438.46	437.5	440	475.63	475.6	457.49	472.19	436.96	443.46	473.94
352	439.1	438.75	437.86	440.18	473.48	473.44	456.47	470.23	437.36	443.4	470.55
353	437.1	436.77	435.96	438.09	468.98	468.95	453.15	465.95	435.5	441.06	463.92
354	433.33	433.03	432.29	434.24	462.73	462.7	448.06	459.9	431.87	436.95	454.73
355	428.03	427.75	427.08	428.86	454.97	454.94	441.47	452.35	426.7	431.32	443.31
356	423.84	423.59	422.99	424.58	448.04	448.02	435.87	445.67	422.65	426.78	426.25
357	415.92	415.7	415.17	416.57	437.39	437.37	426.55	435.27	414.87	418.51	402.1
358	405.54	405.35	404.89	406.11	424.39	424.37	414.83	422.52	404.62	407.8	374.18
359	392.96	392.79	392.4	393.45	409.32	409.31	400.98	407.68	392.17	394.91	342.43
360	378.81	378.67	378.33	379.23	392.85	392.84	385.65	391.43	378.14	380.47	307.21
361	363.56	363.43	363.14	363.94	376.17	376.16	369.7	374.9	362.96	365.05	267.67
362	346.59	346.48	346.21	346.93	357.81	357.8	352.03	356.66	346.06	347.91	219.17
363	328.62	328.52	328.29	328.91	338.5	338.49	333.4	337.49	328.15	329.78	162.58
364	310.73	310.64	310.44	310.99	319.38	319.37	314.9	318.49	310.32	311.74	87.55
365	292.74	292.67	292.5	292.97	300.24	300.24	296.35	299.47	292.39	293.61	-91.968
366	268.05	268.39	267.25	270.17	275.15	274.72	270.67	273.44	267.16	270.75	-130.43
367	251.26	251.98	249.95	255.12	258.14	257.33	253.04	255.56	249.86	255.65	-140.75
368	236.47	237.53	234.7	241.88	243.16	242.01	237.51	239.81	234.62	242.37	-144.94
369	222.73	224.1	220.56	229.49	229.23	227.78	223.11	225.2	220.49	229.93	-145.92
370	209.88	211.5	207.36	217.77	216.18	214.47	209.67	211.57	207.3	218.17	-144.39
371	232.26	240.83	219.44	270.76	246.19	237.38	221.89	223.92	219.37	271.26	-198.56
372	226.49	240.34	205.23	286.44	245.74	231.52	207.54	209.46	205.17	286.97	-256.83
373	217.83	235.65	189.77	292.88	240.99	222.72	191.93	193.72	189.71	293.44	-293.8
374	208.3	228.94	174.99	293.52	234.18	213.01	176.99	178.66	174.93	294.09	-316.22
375	198.61	221.08	161.62	289.98	226.2	203.16	163.49	165.04	161.57	290.54	-327.65
376	196.24	233.15	127.2	337.22	238.7	200.86	128.71	129.97	127.16	337.89	-300.31
377	208.29	252.55	120.95	374.35	258.75	213.35	122.43	123.67	120.91	375.11	-254.23
378	216.42	264.86	118.11	396.63	271.56	221.84	119.6	120.85	118.07	397.47	-204.8
379	220.74	271.18	117.02	407.77	278.26	226.43	118.54	119.82	116.98	408.65	-150.02
380	221.59	272.45	116.7	410.05	279.79	227.5	118.27	119.58	116.66	410.96	-79.952
381	207.15	246.99	131.98	359.22	253.66	212.69	133.76	135.24	131.93	360.02	-76.621
382	184.01	214.5	129.51	303.21	220.3	188.93	131.25	132.71	129.46	303.89	-106.43
383	158.06	179.44	121.86	244.14	184.3	162.3	123.49	124.87	121.81	244.68	-132.78
384	116.29	129.3	95.079	170.02	132.81	119.41	96.357	97.437	95.042	170.4	-172.41
385	61.15	61.144	61.09	61.243	62.808	62.796	61.913	62.608	61.066	61.38	-200.54
386	39.313	39.301	39.284	39.338	40.409	40.409	39.832	40.295	39.268	39.429	-172.23
387	38.239	38.228	38.21	38.264	39.344	39.344	38.762	39.229	38.194	38.356	-134.55
388	37.089	37.077	37.06	37.113	38.198	38.198	37.614	38.083	37.044	37.206	-95.459
389	35.192	35.181	35.164	35.217	36.282	36.282	35.709	36.169	35.148	35.307	-49.973
390	35.266	35.254	35.237	35.291	36.397	36.397	35.803	36.28	35.221	35.385	37.796
391	37.724	37.71	37.692	37.752	38.992	38.992	38.326	38.861	37.673	37.857	40.225
392	35.53	35.516	35.498	35.557	36.78	36.78	36.123	36.651	35.479	35.661	38.121
393	34.463	34.449	34.431	34.49	35.731	35.731	35.065	35.6	34.412	34.596	37.212
394	33.515	33.501	33.482	33.543	34.802	34.802	34.127	34.669	33.463	33.65	36.419
395	32.281	32.267	32.249	32.309	33.574	33.574	32.897	33.441	32.229	32.417	35.302
396	31.536	31.521	31.503	31.563	32.822	32.823	32.148	32.69	31.484	31.671	34.613
397	30.941	30.927	30.909	30.969	32.227	32.227	31.553	32.094	30.889	31.076	34.062
398	30.175	30.161	30.144	30.203	31.452	31.452	30.783	31.321	30.124	30.309	33.317
399	29.622	29.608	29.59	29.649	30.898	30.898	30.229	30.766	29.571	29.756	32.801
400	29.218	29.203	29.186	29.245	30.498	30.499	29.827	30.367	29.166	29.352	32.446
401	28.718	28.703	28.686	28.744	29.983	29.983	29.32	29.853	28.667	28.85	31.94
402	28.299	28.285	28.269	28.326	29.553	29.553	28.896	29.424	28.249	28.431	31.488
403	28.013	27.998	27.982	28.039	29.26	29.261	28.606	29.131	27.962	28.143	31.182
404	27.683	27.669	27.653	27.709	28.922	28.923	28.272	28.794	27.633	27.813	30.828
405	27.3	27.286	27.27	27.326	28.528	28.529	27.885	28.402	27.251	27.429	30.415
406	27.083	27.069	27.053	27.109	28.303	28.304	27.664	28.178	27.034	27.211	30.169
407	26.864	26.85	26.834	26.889	28.076	28.077	27.44	27.951	26.815	26.99	29.921
408	26.555	26.541	26.525	26.58	27.755	27.756	27.126	27.631	26.506	26.68	29.574
409	26.364	26.349	26.335	26.389	27.557	27.558	26.931	27.434	26.315	26.488	29.359
410	26.176	26.162	26.147	26.2	27.362	27.363	26.74	27.24	26.127	26.3	29.147
411	25.914	25.899	25.885	25.938	27.087	27.089	26.472	26.966	25.866	26.036	28.842
412	25.754	25.74	25.726	25.778	26.92	26.921	26.309	26.8	25.706	25.876	28.653
413	25.603	25.589	25.575	25.627	26.762	26.763	26.154	26.642	25.555	25.724	28.473
414	25.375	25.361	25.347	25.399	26.523	26.524	25.921	26.405	25.328	25.495	28.209
415	25.209	25.195	25.182	25.233	26.349	26.351	25.752	26.232	25.163	25.328	28.013
416	25.074	25.06	25.047	25.097	26.206	26.208	25.613	26.089	25.028	25.192	27.846
417	24.907	24.893	24.879	24.93	26.029	26.031	25.441	25.913	24.86	25.024	27.644
418	24.73	24.716	24.703	24.753	25.843	25.844	25.259	25.728	24.684	24.846	27.433
419	24.597	24.583	24.57	24.619	25.702	25.703	25.122	25.588	24.551	24.712	27.269
420	24.439	24.425	24.413	24.461	25.535	25.537	24.961	25.422	24.394	24.553	27.079
421	24.288	24.274	24.262	24.31	25.373	25.374	24.804	25.261	24.243	24.401	26.886
422	24.166	24.152	24.14	24.188	25.24	25.242	24.677	25.129	24.121	24.278	26.729
423	24.023	24.009	23.997	24.044	25.086	25.088	24.529	24.976	23.979	24.133	26.55
424	23.853	23.84	23.828	23.874	24.905	24.906	24.353	24.796	23.81	23.963	26.341
425	23.745	23.732	23.72	23.766	24.788	24.789	24.241	24.68	23.702	23.854	26.201
426	23.637	23.623	23.612	23.658	24.669	24.671	24.128	24.562	23.594	23.744	26.056
427	23.449	23.436	23.425	23.469	24.468	24.469	23.933	24.362	23.407	23.555	25.826
428	23.339	23.326	23.315	23.359	24.348	24.349	23.819	24.244	23.297	23.444	25.681
429	23.231	23.218	23.207	23.251	24.23	24.232	23.706	24.127	23.19	23.335	25.539
430	23.083	23.07	23.059	23.102	24.07	24.072	23.552	23.968	23.042	23.185	25.353
431	22.962	22.949	22.939	22.982	23.939	23.94	23.427	23.838	22.921	23.064	25.196
432	22.852	22.84	22.829	22.872	23.819	23.821	23.312	23.719	22.812	22.953	25.052
433	22.708	22.695	22.685	22.727	23.663	23.664	23.162	23.564	22.668	22.807	24.869
434	22.598	22.585	22.576	22.617	23.543	23.545	23.047	23.445	22.559	22.696	24.726
435	22.498	22.485	22.476	22.516	23.433	23.435	22.943	23.336	22.459	22.595	24.593
436	22.354	22.341	22.332	22.372	23.278	23.28	22.793	23.182	22.315	22.45	24.411
437	22.23	22.218	22.209	22.248	23.144	23.145	22.665	23.049	22.192	22.325	24.253
438	22.137	22.125	22.116	22.155	23.041	23.043	22.567	22.947	22.099	22.231	24.127
439	22.029	22.017	22.008	22.047	22.923	22.925	22.454	22.831	21.992	22.122	23.987
440	21.888	21.876	21.868	21.906	22.772	22.773	22.308	22.68	21.851	21.98	23.81
441	21.794	21.782	21.773	21.811	22.664	22.666	22.208	22.574	21.757	21.884	23.644
442	21.687	21.675	21.667	21.703	22.544	22.545	22.094	22.455	21.651	21.775	23.465
443	21.566	21.555	21.547	21.583	22.41	22.412	21.968	22.323	21.531	21.654	23.274
444	21.469	21.457	21.449	21.485	22.3	22.301	21.864	22.214	21.434	21.555	23.107
445	21.366	21.355	21.348	21.382	22.185	22.187	21.756	22.1	21.332	21.451	22.937
446	21.227	21.216	21.209	21.243	22.032	22.034	21.61	21.948	21.194	21.311	22.721
447	21.145	21.134	21.126	21.16	21.938	21.94	21.522	21.855	21.111	21.227	22.567
448	21.061	21.05	21.043	21.076	21.843	21.845	21.433	21.762	21.029	21.142	22.413
449	20.919	20.908	20.901	20.934	21.687	21.688	21.284	21.607	20.886	20.998	22.198
450	20.825	20.814	20.808	20.84	21.582	21.583	21.185	21.503	20.793	20.903	22.036
451	20.735	20.725	20.72	20.749	21.421	21.423	21.062	21.351	20.705	20.807	21.934
452	20.624	20.615	20.61	20.638	21.24	21.241	20.918	21.177	20.596	20.688	21.811
453	20.515	20.507	20.503	20.528	21.06	21.062	20.776	21.006	20.488	20.572	21.689
454	20.426	20.419	20.416	20.439	20.903	20.904	20.655	20.856	20.402	20.477	21.59
455	20.318	20.312	20.31	20.331	20.726	20.727	20.515	20.687	20.295	20.362	21.47
456	20.221	20.216	20.213	20.236	20.628	20.629	20.419	20.59	20.197	20.267	21.358
457	20.14	20.134	20.131	20.155	20.545	20.546	20.337	20.508	20.114	20.185	21.261
458	20.035	20.03	20.028	20.052	20.439	20.44	20.234	20.404	20.008	20.082	21.141
459	19.924	19.918	19.917	19.942	20.326	20.327	20.123	20.292	19.896	19.971	21.014
460	19.851	19.845	19.843	19.87	20.252	20.253	20.05	20.218	19.821	19.898	20.926
461	19.773	19.768	19.766	19.794	20.174	20.175	19.974	20.142	19.742	19.822	20.83
462	68.796	68.776	68.772	68.872	70.196	70.199	69.5	70.087	68.681	68.967	72.407
463	52.826	52.81	52.807	52.888	53.904	53.907	53.371	53.823	52.733	52.959	55.548
464	52.444	52.428	52.427	52.51	53.518	53.521	52.991	53.441	52.348	52.579	55.098
465	49.882	49.867	49.866	49.948	50.907	50.91	50.407	50.836	49.786	50.013	52.359
466	46.637	46.622	46.622	46.703	47.602	47.604	47.134	47.538	46.542	46.762	48.909
467	44.049	44.035	44.036	44.116	44.967	44.969	44.525	44.908	43.955	44.17	46.154
468	41.72	41.706	41.707	41.786	42.594	42.597	42.176	42.541	41.626	41.837	43.675
469	39.871	39.858	39.86	39.938	40.712	40.715	40.313	40.664	39.778	39.986	41.703
470	38.553	38.541	38.543	38.621	39.372	39.374	38.986	39.327	38.459	38.666	40.289
471	37.501	37.488	37.491	37.571	38.31	38.312	37.931	38.268	37.404	37.614	39.157
472	36.496	36.484	36.486	36.569	37.296	37.298	36.924	37.257	36.396	36.61	38.077
473	35.43	35.417	35.42	35.504	36.218	36.22	35.854	36.181	35.328	35.544	36.934
474	33.664	33.652	33.655	33.739	34.424	34.426	34.076	34.391	33.562	33.775	35.065
475	31.996	31.984	31.988	32.071	32.729	32.731	32.395	32.699	31.895	32.105	33.301
476	30.601	30.59	30.594	30.676	31.308	31.31	30.989	31.282	30.5	30.708	31.823
477	29.406	29.395	29.4	29.482	30.091	30.093	29.784	30.068	29.306	29.511	30.556
478	28.528	28.518	28.523	28.605	29.198	29.2	28.9	29.177	28.427	28.633	29.621
479	27.571	27.561	27.566	27.648	28.224	28.226	27.936	28.205	27.47	27.674	28.605
480	26.834	26.824	26.829	26.912	27.474	27.476	27.194	27.458	26.732	26.937	27.818
481	26.211	26.201	26.207	26.288	26.825	26.827	26.557	26.811	26.111	26.31	27.154
482	25.691	25.681	25.687	25.766	26.281	26.283	26.025	26.268	25.593	25.787	26.601
483	25.233	25.223	25.229	25.306	25.801	25.803	25.556	25.79	25.136	25.326	26.114
484	24.693	24.684	24.69	24.765	25.238	25.24	25.004	25.229	24.599	24.784	25.542
485	24.456	24.448	24.453	24.528	24.985	24.987	24.76	24.978	24.363	24.545	25.285
486	-83.475	-81.632	20.556	76.483	-81.632	-83.475	20.816	3.7724	3.6787	76.535	51.326
487	-118.89	-116.37	20.36	104.58	-116.37	-118.89	20.62	-23.703	-23.703	104.65	68.375
488	-144.37	-141.35	20.431	125.34	-141.35	-144.37	20.694	-33.028	-33.028	125.43	81.214
489	-164.69	-161.26	20.401	141.99	-161.26	-164.69	20.666	-39.873	-39.873	142.09	91.558
490	-181.59	-177.82	20.321	155.89	-177.82	-181.59	20.587	-45.348	-45.348	155.99	100.21
491	-196	-191.94	19.993	167.74	-191.94	-196	20.264	-50.032	-50.032	167.85	107.54
492	-208.57	-204.26	18.643	177.87	-204.26	-208.57	18.905	-54.529	-54.529	177.99	113.7
493	-219.45	-214.92	17.528	186.71	-214.92	-219.45	17.782	-58.25	-58.25	186.85	119.11
494	-228.92	-224.2	16.546	194.46	-224.2	-228.92	16.792	-61.404	-61.404	194.61	123.84
495	-237.14	-232.25	15.976	201.27	-232.25	-237.14	16.221	-63.989	-63.989	201.43	128.03
496	-227.61	-222.91	19.047	194.23	-222.91	-227.61	19.351	-60.045	-60.045	194.39	123.77
497	-218.52	-214	18.413	186.84	-214	-218.52	18.717	-57.631	-57.631	186.99	118.97
498	-209.43	-205.1	17.978	179.45	-205.1	-209.43	18.285	-55.126	-55.126	179.6	114.19
499	-200.35	-196.21	17.651	172.06	-196.21	-200.35	17.963	-52.569	-52.569	172.21	109.44
500	-191.3	-187.35	17.206	164.65	-187.35	-191.3	17.52	-50.068	-50.068	164.8	104.67
501	-182.25	-178.49	17.001	157.23	-178.49	-182.25	17.319	-47.441	-47.441	157.38	99.946
502	-173.22	-169.64	16.749	149.8	-169.64	-173.22	17.07	-44.83	-44.83	149.94	95.215
503	-164.21	-160.82	16.484	142.36	-160.82	-164.21	16.808	-42.214	-42.214	142.5	90.487
504	-155.2	-151.99	16.303	134.92	-151.99	-155.2	16.631	-39.537	-39.537	135.05	85.779
505	-146.2	-143.18	16.144	127.47	-143.18	-146.2	16.476	-36.823	-36.823	127.6	81.083
506	-143.35	-140.39	15.153	124.94	-140.39	-143.35	15.474	-36.496	-36.496	125.07	79.333
507	-140.34	-137.44	15.163	122.54	-137.44	-140.34	15.492	-35.56	-35.56	122.67	77.79
508	-137.36	-134.52	15.001	120.11	-134.52	-137.36	15.335	-34.726	-34.726	120.24	76.212
509	-134.37	-131.59	14.926	117.69	-131.59	-134.37	15.267	-33.836	-33.836	117.82	74.651
510	-131.37	-128.65	14.926	115.27	-128.65	-131.37	15.275	-32.895	-32.895	115.4	73.107
511	-128.4	-125.74	14.771	112.84	-125.74	-128.4	15.126	-32.052	-32.052	112.97	71.531
512	-125.4	-122.8	14.77	110.43	-122.8	-125.4	15.134	-31.105	-31.105	110.56	69.988
513	-122.43	-119.89	14.616	107.99	-119.89	-122.43	14.986	-30.257	-30.257	108.12	68.413
514	-119.43	-116.96	14.635	105.57	-116.96	-119.43	15.015	-29.285	-29.285	105.71	66.877
515	-116.45	-114.03	14.555	103.14	-114.03	-116.45	14.942	-28.377	-28.377	103.27	65.319
516	-111.93	-109.61	14.71	99.486	-109.61	-111.93	15.113	-26.794	-26.794	99.617	63.044
517	-107.47	-105.23	14.567	95.785	-105.23	-107.47	14.977	-25.416	-25.416	95.914	60.699
518	-102.98	-100.83	14.556	92.097	-100.83	-102.98	14.978	-23.911	-23.911	92.225	58.391
519	-98.494	-96.437	14.504	88.397	-96.437	-98.494	14.935	-22.413	-22.413	88.524	56.077
520	-94.024	-92.057	14.382	84.681	-92.057	-94.024	14.821	-20.949	-20.949	84.805	53.749
521	-89.51	-87.631	14.442	80.946	-87.631	-89.51	14.887	-19.259	-19.259	81.065	51.476
522	-85.038	-83.248	14.299	77.175	-83.248	-85.038	14.745	-17.727	-17.727	77.29	49.143
523	-80.557	-78.855	14.178	73.408	-78.855	-80.557	14.625	-16.118	-16.118	73.519	46.824
524	-76.024	-74.409	14.238	69.68	-74.409	-76.024	14.691	-14.186	-14.186	69.786	44.572
525	-71.534	-70.007	14.097	65.914	-70.007	-71.534	14.551	-12.401	-12.401	66.015	42.267
526	-68.547	-67.08	13.962	63.395	-67.08	-68.547	14.415	-11.198	-11.198	63.493	40.721
527	-65.554	-64.145	13.842	60.881	-64.145	-65.554	14.294	-9.8886	-9.8886	60.975	39.187
528	-62.559	-61.208	13.712	58.366	-61.208	-62.559	14.163	-8.4793	-8.4793	58.457	37.655
529	-59.489	-58.195	13.8	55.908	-58.195	-59.489	14.256	-6.248	-6.248	55.996	36.213
530	-56.406	-55.168	13.89	53.457	-55.168	-56.406	14.352	-2.7354	-2.7354	53.542	34.785
531	-52.888	-51.697	15.079	51.328	-51.697	-52.888	15.582	7.3372	6.8746	51.41	33.858
532	-49.257	-48.108	16.266	49.268	-48.108	-49.257	16.812	10.758	10.077	49.347	33.025
533	-45.594	-44.487	17.245	47.209	-44.487	-45.594	17.825	13.101	12.269	47.285	32.179
534	-41.937	-40.87	17.975	45.121	-40.87	-41.937	18.582	14.785	13.842	45.193	31.274
535	-39.608	-38.616	16.351	42.111	-38.616	-39.608	16.906	13.176	12.333	42.179	29.029
536	-39.551	-38.623	13.379	39.819	-38.623	-39.551	13.834	9.1198	8.5348	39.883	26.725
537	-38.799	-37.917	11.531	38.002	-37.917	-38.799	11.924	6.2966	5.8918	38.063	25.043
538	-37.703	-36.859	10.391	36.433	-36.859	-37.703	10.746	4.3982	4.1147	36.492	23.739
539	-36.455	-35.646	9.6096	34.978	-35.646	-36.455	9.9389	3.0369	2.8407	35.034	22.613
540	-35.089	-34.313	9.1399	33.611	-34.313	-35.089	9.4539	2.5381	2.3738	33.666	21.629
541	-33.713	-32.969	8.6976	32.251	-32.969	-33.713	8.9969	2.1017	1.9654	32.303	20.675
542	-32.251	-31.536	8.4959	30.956	-31.536	-32.251	8.7887	2.6569	2.4843	31.006	19.876
543	-30.775	-30.09	8.3258	29.671	-30.09	-30.775	8.6132	3.1788	2.972	29.719	19.092
544	-29.628	-28.979	7.2435	28.134	-28.979	-29.628	7.494	-1.8491	-1.8491	28.179	17.93
545	-28.496	-27.884	6.0133	26.58	-27.884	-28.496	6.2216	-4.3509	-4.3509	26.623	16.741
546	-28.694	-28.087	5.2851	26.425	-28.087	-28.694	5.4683	-5.5062	-5.5062	26.468	16.494
547	-28.832	-28.228	4.7129	26.318	-28.228	-28.832	4.8764	-6.1837	-6.1837	26.361	16.32
548	-28.882	-28.279	4.4884	26.281	-28.279	-28.882	4.6443	-6.4111	-6.4111	26.324	16.255
549	-28.927	-28.325	4.2762	26.248	-28.325	-28.927	4.4248	-6.6091	-6.6091	26.291	16.196
550	-28.936	-28.334	4.233	26.245	-28.334	-28.936	4.3803	-6.6479	-6.6479	26.287	16.182
551	-28.977	-28.375	4.0305	26.215	-28.375	-28.977	4.1708	-6.82	-6.82	26.257	16.141
552	-28.962	-28.36	4.1073	26.23	-28.36	-28.962	4.2504	-6.7568	-6.7568	26.272	16.222
553	-29.011	-28.411	3.8485	26.192	-28.411	-29.011	3.9826	-6.9645	-6.9645	26.235	16.22
554	-29.047	-28.447	3.6496	26.166	-28.447	-29.047	3.7769	-7.1111	-7.1111	26.209	16.235
555	-29.124	-28.526	3.1768	26.106	-28.526	-29.124	3.2877	-7.418	-7.418	26.149	16.195
556	-29.17	-28.573	2.8554	26.071	-28.573	-29.17	2.9551	-7.5964	-7.5964	26.113	16.182
557	-29.214	-28.617	2.5138	26.037	-28.617	-29.214	2.6016	-7.7614	-7.7614	26.079	16.123
558	-29.251	-28.655	2.1801	26.009	-28.655	-29.251	2.2563	-7.8995	-7.8995	26.051	16.072
559	-29.267	-28.672	2.0192	25.998	-28.672	-29.267	2.0898	-7.9584	-7.9584	26.04	16.05
560	-29.29	-28.695	1.7599	25.981	-28.695	-29.29	1.8214	-8.043	-8.043	26.023	16.018
561	-29.296	-28.701	1.6931	25.979	-28.701	-29.296	1.7522	-8.0628	-8.0628	26.021	16.009
562	-29.298	-28.703	1.6643	25.979	-28.703	-29.298	1.7225	-8.0711	-8.0711	26.021	16.004
563	-29.301	-28.707	1.6228	25.978	-28.707	-29.301	1.6796	-8.0828	-8.0828	26.02	15.998
564	-29.31	-28.715	1.5112	25.973	-28.715	-29.31	1.564	-8.1127	-8.1127	26.015	15.984
565	-29.302	-28.707	1.6203	25.982	-28.707	-29.302	1.6769	-8.0837	-8.0837	26.024	15.993
566	-29.302	-28.707	1.6224	25.984	-28.707	-29.302	1.6791	-8.0832	-8.0832	26.026	15.991
567	-29.302	-28.708	1.62	25.985	-28.708	-29.302	1.6766	-8.0839	-8.0839	26.027	15.989
568	-29.31	-28.716	1.5127	25.981	-28.716	-29.31	1.5656	-8.1125	-8.1125	26.022	15.977
569	-29.303	-28.708	1.6197	25.989	-28.708	-29.303	1.6762	-8.0841	-8.0841	26.031	15.985
570	-29.303	-28.708	1.6195	25.991	-28.708	-29.303	1.6761	-8.0842	-8.0842	26.032	15.983
571	-29.311	-28.716	1.5124	25.986	-28.716	-29.311	1.5652	-8.1128	-8.1128	26.027	15.971
572	-29.303	-28.708	1.6192	25.994	-28.708	-29.303	1.6757	-8.0844	-8.0844	26.036	15.979
573	-29.303	-28.708	1.619	25.996	-28.708	-29.303	1.6755	-8.0846	-8.0846	26.037	15.977
574	-29.306	-28.711	1.5867	25.995	-28.711	-29.306	1.6421	-8.0934	-8.0934	26.037	15.972
575	-29.309	-28.714	1.5437	25.994	-28.714	-29.309	1.5976	-8.1049	-8.1049	26.036	15.966
576	-29.303	-28.709	1.6208	26.001	-28.709	-29.303	1.6773	-8.0843	-8.0843	26.042	15.989
577	-29.304	-28.709	1.6184	26.002	-28.709	-29.304	1.6748	-8.085	-8.085	26.043	16.07
578	-29.312	-28.717	1.5091	25.997	-28.717	-29.312	1.5617	-8.1141	-8.1141	26.038	16.141
579	-29.304	-28.709	1.6203	26.005	-28.709	-29.304	1.6767	-8.0846	-8.0846	26.046	16.233
580	-29.304	-28.71	1.6179	26.006	-28.71	-29.304	1.6743	-8.0853	-8.0853	26.048	16.313
581	-29.312	-28.718	1.5085	26.001	-28.718	-29.312	1.5611	-8.1144	-8.1144	26.042	16.366
582	-29.304	-28.71	1.6198	26.009	-28.71	-29.304	1.6762	-8.0849	-8.0849	26.051	16.378
583	-29.305	-28.71	1.6174	26.011	-28.71	-29.305	1.6737	-8.0857	-8.0857	26.052	16.378
584	-29.313	-28.718	1.5101	26.006	-28.718	-29.313	1.5627	-8.1142	-8.1142	26.047	16.368
585	-29.305	-28.71	1.6174	26.014	-28.71	-29.305	1.6737	-8.0858	-8.0858	26.055	16.379
586	-29.305	-28.71	1.6168	26.015	-28.71	-29.305	1.673	-8.086	-8.086	26.056	16.379
587	-29.313	-28.719	1.5099	26.01	-28.719	-29.313	1.5624	-8.1144	-8.1144	26.051	16.367
588	-29.305	-28.711	1.6166	26.018	-28.711	-29.305	1.6728	-8.0862	-8.0862	26.058	16.377
589	-29.31	-28.715	1.5565	26.015	-28.715	-29.31	1.6106	-8.1025	-8.1025	26.056	16.37
590	-29.309	-28.715	1.5695	26.017	-28.715	-29.309	1.624	-8.0991	-8.0991	26.058	16.371
591	-29.306	-28.711	1.6161	26.022	-28.711	-29.306	1.6722	-8.0865	-8.0865	26.062	16.374
592	-29.312	-28.718	1.5323	26.018	-28.718	-29.312	1.5855	-8.109	-8.109	26.059	16.365
593	-29.308	-28.713	1.5926	26.023	-28.713	-29.308	1.6478	-8.0931	-8.0931	26.064	16.37
594	-29.306	-28.712	1.6156	26.026	-28.712	-29.306	1.6717	-8.0869	-8.0869	26.066	16.372
595	-29.314	-28.72	1.5088	26.021	-28.72	-29.314	1.5611	-8.1152	-8.1152	26.061	16.36
596	-29.307	-28.712	1.6153	26.028	-28.712	-29.307	1.6713	-8.0871	-8.0871	26.069	16.37
597	-29.309	-28.714	1.5928	26.028	-28.714	-29.309	1.6479	-8.0933	-8.0933	26.069	16.367
598	-29.313	-28.719	1.5306	26.026	-28.719	-29.313	1.5836	-8.1098	-8.1098	26.066	16.36
599	-29.307	-28.713	1.6148	26.032	-28.713	-29.307	1.6707	-8.0874	-8.0874	26.073	16.367
600	-29.315	-28.721	1.508	26.027	-28.721	-29.315	1.5602	-8.1158	-8.1158	26.067	16.356
601	-29.308	-28.713	1.6145	26.035	-28.713	-29.308	1.6703	-8.0877	-8.0877	26.075	16.366
602	-29.308	-28.713	1.6143	26.036	-28.713	-29.308	1.6701	-8.0878	-8.0878	26.076	16.365
603	-29.316	-28.721	1.5075	26.031	-28.721	-29.316	1.5596	-8.1161	-8.1161	26.071	16.353
604	-29.308	-28.713	1.614	26.039	-28.713	-29.308	1.6698	-8.088	-8.088	26.079	16.363
605	-29.316	-28.722	1.505	26.033	-28.722	-29.316	1.557	-8.1168	-8.1168	26.073	16.352
606	-29.308	-28.714	1.6158	26.041	-28.714	-29.308	1.6716	-8.0876	-8.0876	26.081	16.362
607	-29.309	-28.714	1.611	26.042	-28.714	-29.309	1.6666	-8.089	-8.089	26.082	16.361
608	-29.317	-28.722	1.5093	26.038	-28.722	-29.317	1.5614	-8.1159	-8.1159	26.077	16.35
609	-29.309	-28.714	1.6132	26.045	-28.714	-29.309	1.6688	-8.0886	-8.0886	26.085	16.36
610	-29.317	-28.723	1.5043	26.04	-28.723	-29.317	1.5561	-8.1174	-8.1174	26.08	16.348
611	-29.309	-28.714	1.6151	26.048	-28.714	-29.309	1.6707	-8.0882	-8.0882	26.088	16.358
612	-29.318	-28.723	1.5039	26.042	-28.723	-29.318	1.5557	-8.1176	-8.1176	26.082	16.347
613	-29.31	-28.715	1.6126	26.05	-28.715	-29.31	1.6681	-8.089	-8.089	26.09	16.357
614	-29.31	-28.715	1.6147	26.052	-28.715	-29.31	1.6702	-8.0885	-8.0885	26.091	16.356
615	-29.318	-28.723	1.5035	26.046	-28.723	-29.318	1.5552	-8.1179	-8.1179	26.086	16.345
616	-29.31	-28.715	1.6143	26.054	-28.715	-29.31	1.6698	-8.0887	-8.0887	26.094	16.355
617	-29.318	-28.724	1.5032	26.049	-28.724	-29.318	1.5549	-8.1181	-8.1181	26.088	16.343
618	-29.311	-28.716	1.6117	26.057	-28.716	-29.311	1.667	-8.0896	-8.0896	26.096	16.354
619	-29.319	-28.724	1.5052	26.051	-28.724	-29.319	1.5569	-8.1177	-8.1177	26.091	16.342
620	-29.311	-28.716	1.6115	26.059	-28.716	-29.311	1.6668	-8.0898	-8.0898	26.098	16.352
621	-29.319	-28.725	1.5026	26.054	-28.725	-29.319	1.5542	-8.1185	-8.1185	26.093	16.341
622	-29.311	-28.716	1.6134	26.062	-28.716	-29.311	1.6687	-8.0894	-8.0894	26.101	16.352
623	-29.32	-28.725	1.5024	26.056	-28.725	-29.32	1.5538	-8.1187	-8.1187	26.095	16.34
624	-29.312	-28.717	1.6129	26.064	-28.717	-29.312	1.6682	-8.0897	-8.0897	26.103	16.35
625	-29.316	-28.721	1.5568	26.062	-28.721	-29.316	1.6101	-8.1048	-8.1048	26.101	16.344
626	-29.316	-28.722	1.5558	26.063	-28.722	-29.316	1.609	-8.1051	-8.1051	26.102	16.344
627	-29.312	-28.717	1.6126	26.068	-28.717	-29.312	1.6678	-8.09	-8.09	26.107	16.349
628	-29.32	-28.726	1.5016	26.063	-28.726	-29.32	1.553	-8.1192	-8.1192	26.102	16.337
629	-29.313	-28.718	1.6104	26.071	-28.718	-29.313	1.6654	-8.0907	-8.0907	26.109	16.348
630	-29.321	-28.726	1.5031	26.065	-28.726	-29.321	1.5544	-8.119	-8.119	26.104	16.337
631	-29.313	-28.718	1.6097	26.073	-28.718	-29.313	1.6647	-8.0911	-8.0911	26.112	16.347
632	-29.321	-28.726	1.5033	26.068	-28.726	-29.321	1.5546	-8.1191	-8.1191	26.107	16.336
633	-29.314	-28.719	1.6094	26.076	-28.719	-29.314	1.6643	-8.0913	-8.0913	26.114	16.346
634	-29.322	-28.727	1.5007	26.07	-28.727	-29.322	1.5519	-8.1199	-8.1199	26.109	16.335
635	-29.314	-28.719	1.6112	26.078	-28.719	-29.314	1.6662	-8.0909	-8.0909	26.117	16.345
636	-29.322	-28.727	1.5004	26.073	-28.727	-29.322	1.5516	-8.1201	-8.1201	26.111	16.334
637	-29.314	-28.719	1.61	26.081	-28.719	-29.314	1.6648	-8.0914	-8.0914	26.119	16.345
638	-29.322	-28.728	1.5011	26.076	-28.728	-29.322	1.5523	-8.1201	-8.1201	26.114	16.333
639	-29.315	-28.72	1.6085	26.083	-28.72	-29.315	1.6632	-8.092	-8.092	26.122	16.344
640	-29.323	-28.728	1.502	26.078	-28.728	-29.323	1.5531	-8.12	-8.12	26.116	16.333
641	-29.315	-28.72	1.6082	26.086	-28.72	-29.315	1.6628	-8.0922	-8.0922	26.124	16.343
642	-29.323	-28.728	1.4996	26.081	-28.728	-29.323	1.5505	-8.1208	-8.1208	26.119	16.332
643	-29.323	-28.728	1.5049	26.082	-28.728	-29.323	1.556	-8.1195	-8.1195	26.12	16.332
644	-29.316	-28.721	1.6043	26.09	-28.721	-29.316	1.6588	-8.0935	-8.0935	26.128	16.342
645	-29.324	-28.729	1.4991	26.084	-28.729	-29.324	1.55	-8.1211	-8.1211	26.122	16.331
646	-29.316	-28.721	1.6096	26.092	-28.721	-29.316	1.6642	-8.0922	-8.0922	26.13	16.342
647	-29.324	-28.729	1.4988	26.087	-28.729	-29.324	1.5496	-8.1213	-8.1213	26.125	16.331
648	-29.316	-28.722	1.6092	26.095	-28.722	-29.316	1.6637	-8.0925	-8.0925	26.133	16.342
649	-29.325	-28.73	1.4985	26.09	-28.73	-29.325	1.5493	-8.1215	-8.1215	26.127	16.33
650	-29.317	-28.722	1.6067	26.097	-28.722	-29.317	1.6611	-8.0933	-8.0933	26.135	16.341
651	-29.325	-28.73	1.5005	26.092	-28.73	-29.325	1.5513	-8.1212	-8.1212	26.13	16.33
652	-29.317	-28.722	1.6064	26.1	-28.722	-29.317	1.6608	-8.0935	-8.0935	26.138	16.341
653	-29.325	-28.731	1.4984	26.095	-28.731	-29.325	1.549	-8.1219	-8.1219	26.132	16.33
654	-29.326	-28.731	1.4996	26.096	-28.731	-29.326	1.5503	-8.1216	-8.1216	26.134	16.33
655	-29.318	-28.723	1.606	26.104	-28.723	-29.318	1.6602	-8.0939	-8.0939	26.141	16.34
656	-29.326	-28.731	1.4996	26.099	-28.731	-29.326	1.5502	-8.1218	-8.1218	26.136	16.329
657	-29.318	-28.724	1.6056	26.106	-28.724	-29.318	1.6598	-8.0941	-8.0941	26.144	16.34
658	-29.326	-28.732	1.4972	26.101	-28.732	-29.326	1.5477	-8.1225	-8.1225	26.139	16.329
659	-29.319	-28.724	1.6076	26.109	-28.724	-29.319	1.6618	-8.0938	-8.0938	26.146	16.34
660	-29.327	-28.732	1.4969	26.104	-28.732	-29.327	1.5474	-8.1227	-8.1227	26.141	16.329
661	-29.327	-28.732	1.4979	26.105	-28.732	-29.327	1.5484	-8.1226	-8.1226	26.142	16.329
662	-29.319	-28.724	1.6058	26.113	-28.724	-29.319	1.6599	-8.0945	-8.0945	26.15	16.34
663	-29.328	-28.733	1.4965	26.108	-28.733	-29.328	1.5469	-8.1231	-8.1231	26.145	16.329
664	-29.32	-28.725	1.6068	26.116	-28.725	-29.32	1.6609	-8.0944	-8.0944	26.153	16.34
665	-29.328	-28.733	1.4962	26.11	-28.733	-29.328	1.5465	-8.1233	-8.1233	26.147	16.329
666	-29.328	-28.733	1.496	26.112	-28.733	-29.328	1.5463	-8.1234	-8.1234	26.149	16.329
667	-29.32	-28.725	1.6062	26.12	-28.725	-29.32	1.6601	-8.0948	-8.0948	26.156	16.34
668	-29.329	-28.734	1.4958	26.114	-28.734	-29.329	1.546	-8.1236	-8.1236	26.151	16.329
669	-29.321	-28.726	1.6058	26.122	-28.726	-29.321	1.6597	-8.095	-8.095	26.159	16.34
670	-29.329	-28.734	1.4957	26.117	-28.734	-29.329	1.5459	-8.1238	-8.1238	26.154	16.329
671	-29.329	-28.734	1.4953	26.118	-28.734	-29.329	1.5455	-8.124	-8.124	26.155	16.329
672	-29.322	-28.727	1.6054	26.126	-28.727	-29.322	1.6593	-8.0954	-8.0954	26.163	16.34
673	-29.33	-28.735	1.495	26.121	-28.735	-29.33	1.5451	-8.1242	-8.1242	26.157	16.329
674	-29.326	-28.731	1.5472	26.125	-28.731	-29.326	1.599	-8.111	-8.111	26.162	16.334
675	-29.326	-28.731	1.5527	26.127	-28.731	-29.326	1.6047	-8.1096	-8.1096	26.163	16.335
676	-29.33	-28.736	1.4946	26.125	-28.736	-29.33	1.5446	-8.1246	-8.1246	26.161	16.329
677	-29.323	-28.728	1.6047	26.133	-28.728	-29.323	1.6584	-8.096	-8.096	26.169	16.34
678	-29.331	-28.736	1.4943	26.127	-28.736	-29.331	1.5443	-8.1248	-8.1248	26.164	16.33
679	-29.331	-28.736	1.4942	26.129	-28.736	-29.331	1.5441	-8.1249	-8.1249	26.165	16.33
680	-29.323	-28.728	1.6042	26.136	-28.728	-29.323	1.6577	-8.0964	-8.0964	26.173	16.341
681	-29.331	-28.737	1.4939	26.131	-28.737	-29.331	1.5438	-8.1251	-8.1251	26.167	16.33
682	-29.332	-28.737	1.4937	26.132	-28.737	-29.332	1.5436	-8.1253	-8.1253	26.169	16.33
683	-29.324	-28.729	1.6038	26.14	-28.729	-29.324	1.6573	-8.0967	-8.0967	26.177	16.341
684	-29.332	-28.737	1.4934	26.135	-28.737	-29.332	1.5432	-8.1255	-8.1255	26.171	16.331
685	-29.332	-28.737	1.4955	26.137	-28.737	-29.332	1.5453	-8.1251	-8.1251	26.173	16.331
686	-29.325	-28.73	1.6011	26.144	-28.73	-29.325	1.6545	-8.0977	-8.0977	26.18	16.342
687	-29.333	-28.738	1.4953	26.139	-28.738	-29.333	1.5451	-8.1253	-8.1253	26.175	16.331
688	-29.33	-28.736	1.5296	26.143	-28.736	-29.33	1.5805	-8.1167	-8.1167	26.178	16.335
689	-29.331	-28.736	1.5295	26.144	-28.736	-29.331	1.5803	-8.1168	-8.1168	26.18	16.335
690	-29.331	-28.736	1.5293	26.145	-28.736	-29.331	1.5802	-8.1169	-8.1169	26.181	16.336
691	-29.331	-28.736	1.5292	26.146	-28.736	-29.331	1.58	-8.117	-8.117	26.182	16.336
692	-29.331	-28.736	1.529	26.148	-28.736	-29.331	1.5798	-8.1171	-8.1171	26.184	16.336
693	-29.332	-28.737	1.5289	26.149	-28.737	-29.332	1.5796	-8.1173	-8.1173	26.185	16.337
694	-29.332	-28.737	1.5241	26.15	-28.737	-29.332	1.5747	-8.1185	-8.1185	26.186	16.337
