;LAP Aft Skirt Orifice Flow Mdot (lbm/s)
#I=0,694,1; vent_c1d7a_las.vsm C:\0_afc_work\LAP_AFT_Skirt_Ascent_Reentry_Venting_Thermal_Analysis_using_VISIM\VISSIM\vent_c1d7a_las.vsm @ Sat Oct 27 16:26:55 2018
0	0	0	-11.849	0	0	0	0	0	0	0	-0.0035854
0.9995	0	0	-0.044355	0	0	0	0	0	0	0	-2.546e-007
1.9995	0	0	-0.14788	0	0	0	0	0	0	0	-2.3853e-006
2.9995	0	0	-0.26935	0	0	0	0	0	0	0	-1.0114e-005
3.9995	0	0	-0.39542	0	0	0	0	0	0	0	-2.9708e-005
4.9995	0	0	-0.52373	0	0	0	0	0	0	0	-7.0315e-005
5.9995	0	0	-0.65415	0	0	0	0	0	0	0	-0.00014423
6.9995	0	0	-0.78569	0	0	0	0	0	0	0	-0.00026705
7.9995	0	0	-0.91906	0	0	0	0	0	0	0	-0.00045779
8.9995	0	0	-1.0545	0	0	0	0	0	0	0	-0.00073892
9.9995	0	0	-1.1911	0	0	0	0	0	0	0	-0.0011362
11	0	0	-1.3302	0	0	0	0	0	0	0	-0.0018337
12	0	0	-1.4691	0	0	0	0	0	0	0	-0.0028183
13	0	0	-1.6084	0	0	0	0	0	0	0	-0.0041602
14	0	0	-1.7483	0	0	0	0	0	0	0	-0.0059363
15	0	0	-1.888	0	0	0	0	0	0	0	-0.0082286
16	0	0	-2.0259	0	0	0	0	0	0	0	-0.011123
16.999	0	0	-2.1624	0	0	0	0	0	0	0	-0.014756
17.999	0	0	-2.2965	0	0	0	0	0	0	0	-0.018226
18.999	0	0	-2.4286	0	0	0	0	0	0	0	-0.021404
19.999	0	0	-2.5572	0	0	0	0	0	0	0	-0.024205
20.999	0	0	-2.6838	0	0	0	0	0	0	0	-0.02805
21.999	0	0	-2.8044	0	0	0	0	0	0	0	-0.031509
22.999	0	0	-2.9222	0	0	0	0	0	0	0	-0.034491
23.999	0	0	-3.0442	0	0	0	0	0	0	0	-0.037006
24.999	0	0	-3.1881	0	0	0	0	0	0	0	-0.039001
25.999	0	0	-3.3006	0	0	0	0	0	0	0	-0.04055
27	0	0	-3.4283	0	0	0	0	0	0	0	-0.041589
28	0	0	-3.5547	0	0	0	0	0	0	0	-0.042126
29	0	0	-3.6797	0	0	0	0	0	0	0	-0.042182
30	0	0	-3.8035	0	0	0	0	0	0	0	-0.041785
31	0	0	-3.9286	0	0	0	0	0	0	0	-0.042264
32	0	0	-4.0473	0	0	0	0	0	0	0	-0.042207
33	0	0	-4.1637	0	0	0	0	0	0	0	-0.041644
34	0	0	-4.2773	0	0	0	0	0	0	0	-0.041771
35	0	0	-4.3877	0	0	0	0	0	0	0	-0.041446
36	0	0	-4.4952	0	0	0	0	0	0	0	-0.040701
37	0	0	-4.5998	0	0	0	0	0	0	0	-0.039574
38	0	0	-4.7008	0	0	0	0	0	0	0	-0.038103
39	0	0	-4.7984	0	0	0	0	0	0	0	-0.036334
40	0	0	-4.8922	0	0	0	0	0	0	0	-0.034312
41	0	0	-4.986	0	0	0	0	0	0	0	-0.032888
42	0	0	-5.0708	0	0	0	0	0	0	0	-0.031138
43	0	0	-5.1506	0	0	0	0	0	0	0	-0.029116
44	0	0	-5.226	0	0	0	0	0	0	0	-0.026872
45	0	0	-5.296	0	0	0	0	0	0	0	-0.02446
46	0	0	-5.3601	0	0	0	0	0	0	0	-0.022283
47	0	0	-5.4174	0	0	0	0	0	0	0	-0.020016
48	0	0	-5.4682	0	0	0	0	0	0	0	-0.017712
49	0	0	-5.5119	0	0	0	0	0	0	0	-0.015418
50	0	0	-5.5486	0	0	0	0	0	0	0	-0.013178
51	0	0	-5.5041	0	0	0	0	0	0	0	-0.011354
52	0	0	-5.5058	0	0	0	0	0	0	0	-0.0095952
53	0	0	-5.5097	0	0	0	0	0	0	0	-0.0079024
54	0	0	-5.5081	0	0	0	0	0	0	0	-0.0063069
55	0	0	-5.5	0	0	0	0	0	0	0	-0.0048404
56	0	0	-5.4852	0	0	0	0	0	0	0	-0.0035295
57	0	0	-5.4637	0	0	0	0	0	0	0	-0.0023957
58	0	0	-5.4354	0	0	0	0	0	0	0	-0.0014558
59	0	0	-5.4003	0	0	0	0	0	0	0	-0.00069685
60	0	0	-5.3588	0	0	0	0	0	0	0	-5.2571e-005
61	0	0	-5.5701	0	0	0	0	0	0	0	0.00018028
62	0	0	-5.5961	0	0	0	0	0	0	0	0.00062387
63	0	0	-5.5671	0	0	0	0	0	0	0	0.0011858
64	0	0	-5.5175	0	0	0	0	0	0	0	0.0018011
64.999	0	0	-5.4586	0	0	0	0	0	0	0	0.0024281
65.999	0	0	-5.3898	0	0	0	0	0	0	0	0.0030388
66.999	0	0	-5.3131	0	0	0	0	0	0	0	0.0039072
67.999	0	0	-5.2319	0	0	0	0	0	0	0	0.0047354
68.999	0	0	-5.1424	0	0	0	0	0	0	0	0.0054968
69.999	0	0	-5.0469	0	0	0	0	0	0	0	0.0062395
70.999	0	0	-4.9032	0	0	0	0	0	0	0	0.0068485
71.999	0	0	-4.7801	0	0	0	0	0	0	0	0.0073068
72.999	0	0	-4.6615	0	0	0	0	0	0	0	0.0076182
73.999	0	0	-4.543	0	0	0	0	0	0	0	0.0077857
74.999	0	0	-4.4122	0	0	0	0	0	0	0	0.0078243
75.999	0	0	-4.2248	0	0	0	0	0	0	0	0.0077955
76.999	0	0	-4.056	0	0	0	0	0	0	0	0.0080081
77.999	0	0	-3.8961	0	0	0	0	0	0	0	0.0083085
78.999	0	0	-3.7418	0	0	0	0	0	0	0	0.0084828
79.999	0	0	-3.592	0	0	0	0	0	0	0	0.0085378
80.999	0	0	-3.4485	0	0	0	0	0	0	0	0.0085045
81.999	0	0	-3.3056	0	0	0	0	0	0	0	0.0083692
82.999	0	0	-3.1648	0	0	0	0	0	0	0	0.0081408
83.999	0	0	-3.0258	0	0	0	0	0	0	0	0.0078303
84.999	0	0	-2.8892	0	0	0	0	0	0	0	0.007449
85.999	0	0	-2.3973	0	0	0	0	0	0	0	0.0069686
86.999	0	0	-2.0972	0	0	0	0	0	0	0	0.0063465
87.999	0	0	-1.9096	0	0	0	0	0	0	0	0.0058312
88.999	0	0	-1.78	0	0	0	0	0	0	0	0.0053768
89.999	0	0	-1.6778	0	0	0	0	0	0	0	0.0048968
90.999	0	0	-1.7309	0	0	0	0	0	0	0	0.0044574
91.999	0	0	-1.6989	0	0	0	0	0	0	0	0.0040325
92.999	0	0	-1.6366	0	0	0	0	0	0	0	0.0036094
93.999	0	0	-1.5646	0	0	0	0	0	0	0	0.0031899
94.999	0	0	-1.4914	0	0	0	0	0	0	0	0.0028406
95.999	0	0	-1.5161	0	0	0	0	0	0	0	0.0025445
96.999	0	0	-1.4825	0	0	0	0	0	0	0	0.0022577
97.999	0	0	-1.4263	0	0	0	0	0	0	0	0.0019746
98.999	0	0	-1.3596	0	0	0	0	0	0	0	0.0016965
99.999	0	0	-1.2901	0	0	0	0	0	0	0	0.0014258
101	0	0	-1.2075	0	0	0	0	0	0	0	0.0012622
102	0	0	-1.1344	0	0	0	0	0	0	0	0.0011464
103	0	0	-1.0678	0	0	0	0	0	0	0	0.0010238
104	0	0	-1.0063	0	0	0	0	0	0	0	0.00089778
105	0	0	-0.94833	0	0	0	0	0	0	0	0.00077114
106	0	0	-0.88147	0	0	0	0	0	0	0	0.00064969
107	0	0	-0.82459	0	0	0	0	0	0	0	0.00053031
108	0	0	-0.77385	0	0	0	0	0	0	0	0.00041611
109	0	0	-0.72754	0	0	0	0	0	0	0	0.0003482
110	0	0	-0.68477	0	0	0	0	0	0	0	0.00030402
111	0	0	-0.6563	0	0	0	0	0	0	0	0.00026121
112	0	0	-0.62326	0	0	0	0	0	0	0	0.00021868
113	0	0	-0.58911	0	0	0	0	0	0	0	0.00017701
114	0	0	-0.55514	0	0	0	0	0	0	0	0.00013703
115	0	0	-0.52212	0	0	0	0	0	0	0	9.964e-005
116	0	0	-0.49949	0	0	0	0	0	0	0	6.5558e-005
117	0	0	-0.47308	0	0	0	0	0	0	0	3.6692e-005
118	0	0	-0.44557	0	0	0	0	0	0	0	2.7502e-005
119	0	0	-0.41836	0	0	0	0	0	0	0	2.6443e-005
120	0	0	-0.39177	0	0	0	0	0	0	0	2.4294e-005
121	0	0	-0.37586	0	0	0	0	0	0	0	2.1721e-005
122	0	0	-0.35519	0	0	0	0	0	0	0	1.8692e-005
123	0	0	-0.33258	0	0	0	0	0	0	0	1.5401e-005
124	0	0	-0.30953	0	0	0	0	0	0	0	1.2131e-005
125	0	0	-0.28669	0	0	0	0	0	0	0	8.6423e-006
126	0	0	-0.26982	0	0	0	0	0	0	0	4.4705e-006
127	0	0	-0.25081	0	0	0	0	0	0	0	6.2256e-007
128	0	0	-0.23108	0	0	0	0	0	0	0	-2.8524e-006
129	0	0	-0.21164	0	0	0	0	0	0	0	-1.0821e-005
130	0	0	-0.19419	0	0	0	0	0	0	0	-1.9688e-005
131	0	0	-0.19078	0	0	0	0	0	0	0	-1.9906e-005
132	0	0	-0.20904	0	0	0	0	0	0	0	-1.5703e-005
133	0	0	-0.20391	0	0	0	0	0	0	0	-1.1686e-005
134	0	0	-0.18978	0	0	0	0	0	0	0	-8.3064e-006
135	0	0	-0.17206	0	0	0	0	0	0	0	-5.6448e-006
136	0	0	-0.13041	0	0	0	0	0	0	0	-3.8247e-006
137	0	0	-0.083677	0	0	0	0	0	0	0	-2.869e-006
138	0	0	-0.029878	0	0	0	0	0	0	0	-2.6452e-006
139	0	0	0.0038102	0	0	0	0	0	0	0	-3.1683e-006
140	0	0	-0.0011185	0	0	0	0	0	0	0	-3.6864e-006
141	0	0	-0.11713	0	0	0	0	0	0	0	-2.7611e-006
142	0	0	-0.099642	0	0	0	0	0	0	0	-1.8341e-006
143	0	0	-0.084534	0	0	0	0	0	0	0	-1.1969e-006
144	0	0	-0.071588	0	0	0	0	0	0	0	-7.6593e-007
145	0	0	-0.060471	0	0	0	0	0	0	0	-4.8053e-007
146	0	0	-0.051007	0	0	0	0	0	0	0	-2.9551e-007
147	0	0	-0.04303	0	0	0	0	0	0	0	-1.7831e-007
148	0	0	-0.036381	0	0	0	0	0	0	0	-1.0577e-007
149	0	0	-0.030893	0	0	0	0	0	0	0	-6.1826e-008
150	0	0	-0.026415	0	0	0	0	0	0	0	-3.5834e-008
151	0	0	-0.022815	0	0	0	0	0	0	0	-2.0899e-008
152	0	0	-0.01992	0	0	0	0	0	0	0	-1.2389e-008
153	0	0	-0.017583	0	0	0	0	0	0	0	-7.5698e-009
154	0	0	-0.013487	0	0	0	0	0	0	0	-5.3408e-009
155	0	0	-0.0078985	0	0	0	0	0	0	0	-8.8631e-009
156	0	0	-0.0060593	0	0	0	0	0	0	0	-1.6916e-008
157	0	0	-0.0065795	0	0	0	0	0	0	0	-2.502e-008
158	0	0	-0.0074242	0	0	0	0	0	0	0	-3.0473e-008
159	0	0	-0.0080943	0	0	0	0	0	0	0	-3.2967e-008
160	0	0	-0.0085249	0	0	0	0	0	0	0	-3.3003e-008
161	0	0	-0.0055812	0	0	0	0	0	0	0	-3.4099e-008
162	0	0	-0.003719	0	0	0	0	0	0	0	-3.8111e-008
163	0	0	-0.0028852	0	0	0	0	0	0	0	-4.3163e-008
164	0	0	-0.0025575	0	0	0	0	0	0	0	-4.7929e-008
165	0	0	-0.0024052	0	0	0	0	0	0	0	-5.1899e-008
166	0	0	-0.0094033	0	0	0	0	0	0	0	-4.6795e-008
167	0	0	-0.010387	0	0	0	0	0	0	0	-3.7298e-008
168	0	0	-0.010194	0	0	0	0	0	0	0	-2.8058e-008
169	0	0	-0.0095197	0	0	0	0	0	0	0	-2.021e-008
170	0	0	-0.0086402	0	0	0	0	0	0	0	-1.3999e-008
171	0	0	-0.0073414	0	0	0	0	0	0	0	-9.4814e-009
172	0	0	-0.0062244	0	0	0	0	0	0	0	-6.3893e-009
173	0	0	-0.0052709	0	0	0	0	0	0	0	-4.2965e-009
174	0	0	-0.0044631	0	0	0	0	0	0	0	-2.8931e-009
175	0	0	-0.0037843	0	0	0	0	0	0	0	-1.9591e-009
176	0	0	-0.0032187	0	0	0	0	0	0	0	-1.3406e-009
177	0	0	-0.0027507	0	0	0	0	0	0	0	-9.3108e-010
178	0	0	-0.0023654	0	0	0	0	0	0	0	-6.587e-010
179	0	0	-0.002049	0	0	0	0	0	0	0	-4.7589e-010
180	0	0	-0.0017887	0	0	0	0	0	0	0	-3.5125e-010
181	0	0	-0.0015733	0	0	0	0	0	0	0	-2.6455e-010
182	0	0	-0.0013933	0	0	0	0	0	0	0	-2.0284e-010
183	0	0	-0.0012408	0	0	0	0	0	0	0	-1.5774e-010
184	0	0	-0.00111	0	0	0	0	0	0	0	-1.241e-010
185	0	0	-0.00099709	0	0	0	0	0	0	0	-9.861e-011
186	0	0	-0.00089844	0	0	0	0	0	0	0	-7.8946e-011
187	0	0	-0.00081154	0	0	0	0	0	0	0	-6.3569e-011
188	0	0	-0.00073468	0	0	0	0	0	0	0	-5.145e-011
189	0	0	-0.00066622	0	0	0	0	0	0	0	-4.1798e-011
190	0	0	-0.00060493	0	0	0	0	0	0	0	-3.4054e-011
191	0	0	-0.00054987	0	0	0	0	0	0	0	-2.7833e-011
192	0	0	-0.00050043	0	0	0	0	0	0	0	-2.2808e-011
193	0	0	-0.00045588	0	0	0	0	0	0	0	-1.8724e-011
194	0	0	-0.00041576	0	0	0	0	0	0	0	-1.5408e-011
195	0	0	-0.0003795	0	0	0	0	0	0	0	-1.2701e-011
196	0	0	-0.00034667	0	0	0	0	0	0	0	-1.0484e-011
197	0	0	-0.00031697	0	0	0	0	0	0	0	-8.6705e-012
198	0	0	-0.00029002	0	0	0	0	0	0	0	-7.1799e-012
199	0	0	-0.00026555	0	0	0	0	0	0	0	-5.9538e-012
200	0	0	-0.00024335	0	0	0	0	0	0	0	-4.9454e-012
201	0	0	-0.00022317	0	0	0	0	0	0	0	-4.1122e-012
202	0	0	-0.00020477	0	0	0	0	0	0	0	-3.4226e-012
203	0	0	-0.00018804	0	0	0	0	0	0	0	-2.8539e-012
204	0	0	-0.00017277	0	0	0	0	0	0	0	-2.3823e-012
205	0	0	-0.00015881	0	0	0	0	0	0	0	-1.9908e-012
206	0	0	-0.00014608	0	0	0	0	0	0	0	-1.6662e-012
207	0	0	-0.00013444	0	0	0	0	0	0	0	-1.3964e-012
208	0	0	-0.00012377	0	0	0	0	0	0	0	-1.1713e-012
209	0	0	-0.00011401	0	0	0	0	0	0	0	-9.8423e-013
210	0	0	-0.00010507	0	0	0	0	0	0	0	-8.2809e-013
211	0	0	-0.00010004	0	0	0	0	0	0	0	-7.4516e-013
212	0	0	-9.9993e-005	0	0	0	0	0	0	0	-7.4071e-013
213	0	0	-0.00010004	0	0	0	0	0	0	0	-7.4018e-013
214	0	0	-0.00010001	0	0	0	0	0	0	0	-7.4053e-013
215	0	0	-0.00010001	0	0	0	0	0	0	0	-7.4321e-013
216	0	0	-0.00010007	0	0	0	0	0	0	0	-7.4854e-013
217	0	0	-0.00010004	0	0	0	0	0	0	0	-7.5368e-013
218	0	0	-0.00010003	0	0	0	0	0	0	0	-7.603e-013
219	0	0	-9.9955e-005	0	0	0	0	0	0	0	-7.6649e-013
220	0	0	-0.00010001	0	0	0	0	0	0	0	-7.7649e-013
221	0	0	-9.9946e-005	0	0	0	0	0	0	0	-7.8727e-013
222	0	0	-9.9945e-005	0	0	0	0	0	0	0	-7.994e-013
223	0	0	-9.9991e-005	0	0	0	0	0	0	0	-8.1258e-013
224	0	0	-9.994e-005	0	0	0	0	0	0	0	-8.2366e-013
225	0	0	-9.9983e-005	0	0	0	0	0	0	0	-8.3654e-013
226	0	0	-9.9988e-005	0	0	0	0	0	0	0	-8.4824e-013
227	0	0	-9.9989e-005	0	0	0	0	0	0	0	-8.5943e-013
228	0	0	-9.9944e-005	0	0	0	0	0	0	0	-8.6895e-013
229	0	0	-0.0001	0	0	0	0	0	0	0	-8.8013e-013
230	0	0	-9.9943e-005	0	0	0	0	0	0	0	-8.8788e-013
231	0	0	-9.9992e-005	0	0	0	0	0	0	0	-8.9882e-013
232	0	0	-9.994e-005	0	0	0	0	0	0	0	-9.0628e-013
233	0	0	-9.9967e-005	0	0	0	0	0	0	0	-9.1465e-013
234	0	0	-9.9992e-005	0	0	0	0	0	0	0	-9.2187e-013
235	0	0	-9.9974e-005	0	0	0	0	0	0	0	-9.2681e-013
236	0	0	-9.9983e-005	0	0	0	0	0	0	0	-9.3123e-013
237	0	0	-9.9989e-005	0	0	0	0	0	0	0	-9.3436e-013
238	0	0	-9.9964e-005	0	0	0	0	0	0	0	-9.3542e-013
239	0	0	-9.9977e-005	0	0	0	0	0	0	0	-9.363e-013
240	0	0	-9.9536e-005	0	0	0	0	0	0	0	-9.2419e-013
241	0	0	-9.833e-005	0	0	0	0	0	0	0	-8.9305e-013
242	0	0	-9.6348e-005	0	0	0	0	0	0	0	-8.4305e-013
243	0	0	-9.3505e-005	0	0	0	0	0	0	0	-7.7497e-013
244	0	0	-8.9659e-005	0	0	0	0	0	0	0	-6.8975e-013
245	0	0	-8.4599e-005	0	0	0	0	0	0	0	-5.891e-013
246	0	0	-7.7965e-005	0	0	0	0	0	0	0	-4.752e-013
247	0	0	-6.9173e-005	0	0	0	0	0	0	0	-3.5206e-013
248	0	0	-5.6994e-005	0	0	0	0	0	0	0	-2.2534e-013
249	0	0	-3.7951e-005	0	0	0	0	0	0	0	-1.0526e-013
250	0	0	2.472e-005	0	0	0	0	0	0	0	-1.2772e-014
251	0	0	5.2606e-005	0	0	0	0	0	0	0	3.714e-014
252	0	0	7.1815e-005	0	0	0	0	0	0	0	1.5227e-013
253	0	0	8.8271e-005	0	0	0	0	0	0	0	3.299e-013
254	0	0	9.9927e-005	0	0	0	0	0	0	0	5.0365e-013
255	0	0	9.993e-005	0	0	0	0	0	0	0	4.7752e-013
256	0	0	0.00010001	0	0	0	0	0	0	0	4.5202e-013
257	0	0	0.00010002	0	0	0	0	0	0	0	4.247e-013
258	0	0	9.9928e-005	0	0	0	0	0	0	0	3.9532e-013
259	0	0	0.00010001	0	0	0	0	0	0	0	3.6947e-013
260	0	0	0.0001	0	0	0	0	0	0	0	3.4279e-013
261	0	0	9.9923e-005	0	0	0	0	0	0	0	3.1378e-013
262	0	0	9.9914e-005	0	0	0	0	0	0	0	2.8556e-013
263	0	0	0.00010001	0	0	0	0	0	0	0	2.585e-013
264	0	0	0.00010004	0	0	0	0	0	0	0	2.3042e-013
265	0	0	9.9965e-005	0	0	0	0	0	0	0	2.013e-013
266	0	0	0.00010011	0	0	0	0	0	0	0	1.7449e-013
267	0	0	0.00010008	0	0	0	0	0	0	0	1.4624e-013
268	0	0	0.0001001	0	0	0	0	0	0	0	1.1895e-013
269	0	0	0.00010001	0	0	0	0	0	0	0	9.159e-014
270	0	0	0.00010016	0	0	0	0	0	0	0	6.7003e-014
271	0	0	0.00010005	0	0	0	0	0	0	0	4.1309e-014
272	0	0	0.00010008	0	0	0	0	0	0	0	1.9487e-014
273	0	0	0.00010013	0	0	0	0	0	0	0	3.3095e-015
274	0	0	0.00010369	0	0	0	0	0	0	0	-1.632e-016
275	0	0	0.00011174	0	0	0	0	0	0	0	3.7339e-016
276	0	0	0.00012133	0	0	0	0	0	0	0	3.2141e-015
277	0	0	0.00013188	0	0	0	0	0	0	0	8.6353e-015
278	0	0	0.00014352	0	0	0	0	0	0	0	1.7337e-014
279	0	0	0.00015633	0	0	0	0	0	0	0	3.0222e-014
280	0	0	0.00017025	0	0	0	0	0	0	0	4.7536e-014
281	0	0	0.00018579	0	0	0	0	0	0	0	7.1183e-014
282	0	0	0.00020282	0	0	0	0	0	0	0	1.0252e-013
283	0	0	0.00022137	0	0	0	0	0	0	0	1.4224e-013
284	0	0	0.00024193	0	0	0	0	0	0	0	1.9569e-013
285	0	0	0.00026463	0	0	0	0	0	0	0	2.6608e-013
286	0	0	0.00028945	0	0	0	0	0	0	0	3.5444e-013
287	0	0	0.000317	0	0	0	0	0	0	0	4.7098e-013
288	0	0	0.0003475	0	0	0	0	0	0	0	6.2256e-013
289	0	0	0.00038093	0	0	0	0	0	0	0	8.1162e-013
290	0	0	0.0004181	0	0	0	0	0	0	0	1.0586e-012
291	0	0	0.00045919	0	0	0	0	0	0	0	1.3807e-012
292	0	0	0.00050443	0	0	0	0	0	0	0	1.785e-012
293	0	0	0.00055482	0	0	0	0	0	0	0	2.3109e-012
294	0	0	0.00061087	0	0	0	0	0	0	0	2.9891e-012
295	0	0	0.00067267	0	0	0	0	0	0	0	3.8371e-012
296	0	0	0.00074133	0	0	0	0	0	0	0	4.9203e-012
297	0	0	0.00081801	0	0	0	0	0	0	0	6.3199e-012
298	0	0	0.00090164	0	0	0	0	0	0	0	7.9974e-012
299	0	0	0.00099388	0	0	0	0	0	0	0	1.0072e-011
300	0	0	0.0010966	0	0	0	0	0	0	0	1.2711e-011
301	0	0	0.0012073	0	0	0	0	0	0	0	1.6058e-011
302	0	0	0.0013314	0	0	0	0	0	0	0	2.0452e-011
303	0	0	0.0014704	0	0	0	0	0	0	0	2.618e-011
304	0	0	0.0016236	0	0	0	0	0	0	0	3.3305e-011
305	0	0	0.0017939	0	0	0	0	0	0	0	4.2367e-011
306	0	0	0.001984	0	0	0	0	0	0	0	5.3999e-011
307	0	0	0.0021938	0	0	0	0	0	0	0	6.8463e-011
308	0	0	0.002427	0	0	0	0	0	0	0	8.6778e-011
309	0	0	0.0026874	0	0	0	0	0	0	0	1.1022e-010
310	0	0	0.0029749	0	0	0	0	0	0	0	1.3931e-010
311	0	0	0.0032961	0	0	0	0	0	0	0	1.7591e-010
312	0	0	0.0036541	0	0	0	0	0	0	0	2.2223e-010
313	0	0	0.0040496	0	0	0	0	0	0	0	2.7953e-010
314	0	0	0.0044905	0	0	0	0	0	0	0	3.5192e-010
315	0	0	0.0049822	0	0	0	0	0	0	0	4.4351e-010
316	0	0	0.0055207	0	0	0	0	0	0	0	5.5618e-010
317	0	0	0.0061185	0	0	0	0	0	0	0	6.9676e-010
318	0	0	0.0067845	0	0	0	0	0	0	0	8.737e-010
319	0	0	0.0075202	0	0	0	0	0	0	0	1.0916e-009
320	0	0	0.0083397	0	0	0	0	0	0	0	1.3653e-009
321	0	0	0.0092554	0	0	0	0	0	0	0	1.7123e-009
322	0	0	0.010271	0	0	0	0	0	0	0	2.1422e-009
323	0	0	0.011403	0	0	0	0	0	0	0	2.6846e-009
324	0	0	0.012668	0	0	0	0	0	0	0	3.3698e-009
325	0	0	0.014067	0	0	0	0	0	0	0	4.2182e-009
326	0	0	0.015611	0	0	0	0	0	0	0	5.2743e-009
327	0	0	0.017364	0	0	0	0	0	0	0	6.6615e-009
328	0	0	0.019398	0	0	0	0	0	0	0	8.5754e-009
329	0	0	0.021718	0	0	0	0	0	0	0	1.1122e-008
330	0	0	0.024363	0	0	0	0	0	0	0	1.4505e-008
331	0	0	0.027405	0	0	0	0	0	0	0	1.8828e-008
332	0	0	0.030915	0	0	0	0	0	0	0	2.466e-008
333	0	0	0.035055	0	0	0	0	0	0	0	3.2915e-008
334	0	0	0.039846	0	0	0	0	0	0	0	4.4167e-008
335	0	0	0.045407	0	0	0	0	0	0	0	5.9605e-008
336	0	0	0.051838	0	0	0	0	0	0	0	8.0782e-008
337	0	0	0.059264	0	0	0	0	0	0	0	1.0944e-007
338	0	0	0.067885	0	0	0	0	0	0	0	1.4866e-007
339	0	0	0.07795	0	0	0	0	0	0	0	2.0292e-007
340	0	0	0.089633	0	0	0	0	0	0	0	2.7711e-007
341	0	0	0.10335	0	0	0	0	0	0	0	3.792e-007
342	0	0	0.11938	0	0	0	0	0	0	0	5.2014e-007
343	0	0	0.13805	0	0	0	0	0	0	0	7.1332e-007
344	0	0	0.15989	0	0	0	0	0	0	0	9.8011e-007
345	0	0	0.18553	0	0	0	0	0	0	0	1.3508e-006
346	0	0	0.21505	0	0	0	0	0	0	0	1.8557e-006
347	0	0	0.24941	0	0	0	0	0	0	0	2.542e-006
348	0	0	0.28909	0	0	0	0	0	0	0	3.4613e-006
349	0	0	0.33371	0	0	0	0	0	0	0	4.6249e-006
350	0	0	0.38448	0	0	0	0	0	0	0	6.124e-006
351	0	0	0.436	0	0	0	0	0	0	0	7.9355e-006
352	0	0	0.4918	0	0	0	0	0	0	0	1.0003e-005
353	0	0	0.55201	0	0	0	0	0	0	0	1.2343e-005
354	0	0	0.61682	0	0	0	0	0	0	0	1.4946e-005
355	0	0	0.68608	0	0	0	0	0	0	0	1.7761e-005
356	0	0	0.75471	0	0	0	0	0	0	0	2.0268e-005
357	0	0	0.82198	0	0	0	0	0	0	0	2.208e-005
358	0	0	0.88785	0	0	0	0	0	0	0	2.2949e-005
359	0	0	0.95043	0	0	0	0	0	0	0	2.2518e-005
360	0	0	1.0088	0	0	0	0	0	0	0	2.0637e-005
361	0	0	1.0828	0	0	0	0	0	0	0	1.735e-005
362	0	0	1.1485	0	0	0	0	0	0	0	1.2527e-005
363	0	0	1.2047	0	0	0	0	0	0	0	6.6525e-006
364	0	0	1.2529	0	0	0	0	0	0	0	1.3375e-006
365	0	0	1.2907	0	0	0	0	0	0	0	-2.0379e-006
366	0	0	1.3128	0	0	0	0	0	0	0	-6.7971e-006
367	0	0	1.3582	0	0	0	0	0	0	0	-9.9365e-006
368	0	0	1.4036	0	0	0	0	0	0	0	-1.2553e-005
369	0	0	1.4452	0	0	0	0	0	0	0	-1.4739e-005
370	0	0	1.4823	0	0	0	0	0	0	0	-1.6341e-005
371	0	0	1.7346	0	0	0	0	0	0	0	-4.8529e-005
372	0	0	1.791	0	0	0	0	0	0	0	-0.00011959
373	0	0	1.8207	0	0	0	0	0	0	0	-0.00020307
374	0	0	1.8379	0	0	0	0	0	0	0	-0.00028602
375	0	0	1.8515	0	0	0	0	0	0	0	-0.00035793
376	0	0	1.5635	0	0	0	0	0	0	0	-0.00030746
377	0	0	1.5888	0	0	0	0	0	0	0	-0.00020693
378	0	0	1.6573	0	0	0	0	0	0	0	-0.00011973
379	0	0	1.7542	0	0	0	0	0	0	0	-5.2061e-005
380	0	0	1.8701	0	0	0	0	0	0	0	-8.7166e-006
381	0	0	2.2591	0	0	0	0	0	0	0	-8.52e-006
382	0	0	2.3707	0	0	0	0	0	0	0	-2.5388e-005
383	0	0	2.3817	0	0	0	0	0	0	0	-5.458e-005
384	0	0	1.9708	0	0	0	0	0	0	0	-0.00012976
385	0	0	1.3287	0	0	0	0	0	0	0	-0.00021585
386	0	0	0.88111	0	0	0	0	0	0	0	-0.00014259
387	0	0	0.88282	0	0	0	0	0	0	0	-7.0691e-005
388	0	0	0.88195	0	0	0	0	0	0	0	-2.6202e-005
389	0	0	0.86174	0	0	0	0	0	0	0	-3.893e-006
390	0	0	0.88948	0	0	0	0	0	0	0	4.9029e-006
391	0	0	0.97172	0	0	0	0	0	0	0	6.3258e-006
392	0	0	0.93421	0	0	0	0	0	0	0	5.4775e-006
393	0	0	0.92469	0	0	0	0	0	0	0	5.1793e-006
394	0	0	0.9174	0	0	0	0	0	0	0	4.9328e-006
395	0	0	0.90118	0	0	0	0	0	0	0	4.5606e-006
396	0	0	0.89306	0	0	0	0	0	0	0	4.3644e-006
397	0	0	0.88869	0	0	0	0	0	0	0	4.2319e-006
398	0	0	0.87881	0	0	0	0	0	0	0	4.0276e-006
399	0	0	0.8746	0	0	0	0	0	0	0	3.9073e-006
400	0	0	0.87445	0	0	0	0	0	0	0	3.8438e-006
401	0	0	0.86947	0	0	0	0	0	0	0	3.7293e-006
402	0	0	0.86664	0	0	0	0	0	0	0	3.6496e-006
403	0	0	0.86763	0	0	0	0	0	0	0	3.6193e-006
404	0	0	0.86708	0	0	0	0	0	0	0	3.5706e-006
405	0	0	0.86462	0	0	0	0	0	0	0	3.4998e-006
406	0	0	0.86625	0	0	0	0	0	0	0	3.4855e-006
407	0	0	0.86769	0	0	0	0	0	0	0	3.4691e-006
408	0	0	0.86606	0	0	0	0	0	0	0	3.4166e-006
409	0	0	0.86814	0	0	0	0	0	0	0	3.4087e-006
410	0	0	0.87023	0	0	0	0	0	0	0	3.401e-006
411	0	0	0.8691	0	0	0	0	0	0	0	3.3597e-006
412	0	0	0.8713	0	0	0	0	0	0	0	3.3573e-006
413	0	0	0.87372	0	0	0	0	0	0	0	3.3574e-006
414	0	0	0.87341	0	0	0	0	0	0	0	3.3266e-006
415	0	0	0.87514	0	0	0	0	0	0	0	3.3193e-006
416	0	0	0.87746	0	0	0	0	0	0	0	3.3211e-006
417	0	0	0.87856	0	0	0	0	0	0	0	3.3091e-006
418	0	0	0.87926	0	0	0	0	0	0	0	3.2927e-006
419	0	0	0.88143	0	0	0	0	0	0	0	3.2931e-006
420	0	0	0.88265	0	0	0	0	0	0	0	3.2829e-006
421	0	0	0.88328	0	0	0	0	0	0	0	3.2704e-006
422	0	0	0.88489	0	0	0	0	0	0	0	3.2685e-006
423	0	0	0.88568	0	0	0	0	0	0	0	3.2576e-006
424	0	0	0.8854	0	0	0	0	0	0	0	3.2352e-006
425	0	0	0.88735	0	0	0	0	0	0	0	3.2374e-006
426	0	0	0.88895	0	0	0	0	0	0	0	3.2374e-006
427	0	0	0.88747	0	0	0	0	0	0	0	3.2039e-006
428	0	0	0.88887	0	0	0	0	0	0	0	3.2019e-006
429	0	0	0.8903	0	0	0	0	0	0	0	3.2003e-006
430	0	0	0.89012	0	0	0	0	0	0	0	3.1815e-006
431	0	0	0.89076	0	0	0	0	0	0	0	3.1726e-006
432	0	0	0.89176	0	0	0	0	0	0	0	3.1676e-006
433	0	0	0.89134	0	0	0	0	0	0	0	3.1476e-006
434	0	0	0.89223	0	0	0	0	0	0	0	3.1417e-006
435	0	0	0.89345	0	0	0	0	0	0	0	3.1393e-006
436	0	0	0.89275	0	0	0	0	0	0	0	3.1176e-006
437	0	0	0.8928	0	0	0	0	0	0	0	3.1037e-006
438	0	0	0.89401	0	0	0	0	0	0	0	3.1021e-006
439	0	0	0.89458	0	0	0	0	0	0	0	3.0939e-006
440	0	0	0.89376	0	0	0	0	0	0	0	3.0715e-006
441	0	0	0.89168	0	0	0	0	0	0	0	3.0523e-006
442	0	0	0.88909	0	0	0	0	0	0	0	3.0277e-006
443	0	0	0.88592	0	0	0	0	0	0	0	2.9975e-006
444	0	0	0.88366	0	0	0	0	0	0	0	2.9766e-006
445	0	0	0.8812	0	0	0	0	0	0	0	2.9538e-006
446	0	0	0.87657	0	0	0	0	0	0	0	2.9124e-006
447	0	0	0.87428	0	0	0	0	0	0	0	2.8944e-006
448	0	0	0.87194	0	0	0	0	0	0	0	2.8759e-006
449	0	0	0.86714	0	0	0	0	0	0	0	2.8332e-006
450	0	0	0.86435	0	0	0	0	0	0	0	2.8105e-006
451	0	0	0.86603	0	0	0	0	0	0	0	2.8105e-006
452	0	0	0.86676	0	0	0	0	0	0	0	2.8013e-006
453	0	0	0.86752	0	0	0	0	0	0	0	2.7926e-006
454	0	0	0.86911	0	0	0	0	0	0	0	2.792e-006
455	0	0	0.86982	0	0	0	0	0	0	0	2.7829e-006
456	0	0	0.87067	0	0	0	0	0	0	0	2.7765e-006
457	0	0	0.8721	0	0	0	0	0	0	0	2.7757e-006
458	0	0	0.87253	0	0	0	0	0	0	0	2.7654e-006
459	0	0	0.87259	0	0	0	0	0	0	0	2.7518e-006
460	0	0	0.87426	0	0	0	0	0	0	0	2.7535e-006
461	0	0	0.87536	0	0	0	0	0	0	0	2.7517e-006
462	0	0	3.1055	0	0	0	0	0	0	0	0.00012068
463	0	0	2.4261	0	0	0	0	0	0	0	5.659e-005
464	0	0	2.4478	0	0	0	0	0	0	0	5.7244e-005
465	0	0	2.3644	0	0	0	0	0	0	0	5.0844e-005
466	0	0	2.2425	0	0	0	0	0	0	0	4.2798e-005
467	0	0	2.1467	0	0	0	0	0	0	0	3.7076e-005
468	0	0	2.059	0	0	0	0	0	0	0	3.2332e-005
469	0	0	1.9914	0	0	0	0	0	0	0	2.8932e-005
470	0	0	1.9479	0	0	0	0	0	0	0	2.679e-005
471	0	0	1.9162	0	0	0	0	0	0	0	2.5237e-005
472	0	0	1.8853	0	0	0	0	0	0	0	2.3794e-005
473	0	0	1.8496	0	0	0	0	0	0	0	2.2251e-005
474	0	0	1.775	0	0	0	0	0	0	0	1.9487e-005
475	0	0	1.703	0	0	0	0	0	0	0	1.7063e-005
476	0	0	1.6433	0	0	0	0	0	0	0	1.5208e-005
477	0	0	1.5926	0	0	0	0	0	0	0	1.3736e-005
478	0	0	1.5577	0	0	0	0	0	0	0	1.276e-005
479	0	0	1.5173	0	0	0	0	0	0	0	1.1709e-005
480	0	0	1.488	0	0	0	0	0	0	0	1.0969e-005
481	0	0	1.4644	0	0	0	0	0	0	0	1.0385e-005
482	0	0	1.4459	0	0	0	0	0	0	0	9.9278e-006
483	0	0	1.4303	0	0	0	0	0	0	0	9.5469e-006
484	0	0	1.4095	0	0	0	0	0	0	0	9.0782e-006
485	0	0	1.4057	0	0	0	0	0	0	0	8.947e-006
486	0	0	1.1885	0	0	0	0	0	0	0	7.5884e-005
487	0	0	1.1839	0	0	0	0	0	0	0	0.00018184
488	0	0	1.1948	0	0	0	0	0	0	0	0.00030887
489	0	0	1.1998	0	0	0	0	0	0	0	0.00044855
490	0	0	1.2019	0	0	0	0	0	0	0	0.00059598
491	0	0	1.1889	0	0	0	0	0	0	0	0.00074646
492	0	0	1.1142	0	0	0	0	0	0	0	0.000893
493	0	0	1.0524	0	0	0	0	0	0	0	0.0010382
494	0	0	0.99759	0	0	0	0	0	0	0	0.0011795
495	0	0	0.96713	0	0	0	0	0	0	0	0.0013166
496	0	0	1.1587	0	0	0	0	0	0	0	0.0012035
497	0	0	1.1254	0	0	0	0	0	0	0	0.0010808
498	0	0	1.1039	0	0	0	0	0	0	0	0.00096649
499	0	0	1.0886	0	0	0	0	0	0	0	0.00086001
500	0	0	1.0657	0	0	0	0	0	0	0	0.00076034
501	0	0	1.0577	0	0	0	0	0	0	0	0.00066885
502	0	0	1.0466	0	0	0	0	0	0	0	0.00058426
503	0	0	1.0344	0	0	0	0	0	0	0	0.00050655
504	0	0	1.0274	0	0	0	0	0	0	0	0.00043586
505	0	0	1.0215	0	0	0	0	0	0	0	0.00037178
506	0	0	0.96238	0	0	0	0	0	0	0	0.00035149
507	0	0	0.96652	0	0	0	0	0	0	0	0.00033447
508	0	0	0.95962	0	0	0	0	0	0	0	0.00031742
509	0	0	0.95822	0	0	0	0	0	0	0	0.00030105
510	0	0	0.96162	0	0	0	0	0	0	0	0.00028535
511	0	0	0.95483	0	0	0	0	0	0	0	0.00026971
512	0	0	0.95793	0	0	0	0	0	0	0	0.00025491
513	0	0	0.95108	0	0	0	0	0	0	0	0.0002402
514	0	0	0.95546	0	0	0	0	0	0	0	0.00022638
515	0	0	0.95333	0	0	0	0	0	0	0	0.0002128
516	0	0	0.9664	0	0	0	0	0	0	0	0.00019304
517	0	0	0.95985	0	0	0	0	0	0	0	0.00017383
518	0	0	0.96205	0	0	0	0	0	0	0	0.00015613
519	0	0	0.96145	0	0	0	0	0	0	0	0.00013952
520	0	0	0.95618	0	0	0	0	0	0	0	0.00012394
521	0	0	0.96387	0	0	0	0	0	0	0	0.00010986
522	0	0	0.95801	0	0	0	0	0	0	0	9.6523e-005
523	0	0	0.95349	0	0	0	0	0	0	0	8.4299e-005
524	0	0	0.96118	0	0	0	0	0	0	0	7.3419e-005
525	0	0	0.95526	0	0	0	0	0	0	0	6.3208e-005
526	0	0	0.94998	0	0	0	0	0	0	0	5.7062e-005
527	0	0	0.94558	0	0	0	0	0	0	0	5.1325e-005
528	0	0	0.94041	0	0	0	0	0	0	0	4.5954e-005
529	0	0	0.95022	0	0	0	0	0	0	0	4.1251e-005
530	0	0	0.96022	0	0	0	0	0	0	0	3.6899e-005
531	0	0	1.0472	0	0	0	0	0	0	0	3.4368e-005
532	0	0	1.1353	0	0	0	0	0	0	0	3.2235e-005
533	0	0	1.21	0	0	0	0	0	0	0	3.0158e-005
534	0	0	1.2682	0	0	0	0	0	0	0	2.8013e-005
535	0	0	1.1595	0	0	0	0	0	0	0	2.2644e-005
536	0	0	0.95267	0	0	0	0	0	0	0	1.7873e-005
537	0	0	0.82395	0	0	0	0	0	0	0	1.5015e-005
538	0	0	0.7448	0	0	0	0	0	0	0	1.305e-005
539	0	0	0.69078	0	0	0	0	0	0	0	1.1503e-005
540	0	0	0.65879	0	0	0	0	0	0	0	1.0262e-005
541	0	0	0.62855	0	0	0	0	0	0	0	9.1142e-006
542	0	0	0.61555	0	0	0	0	0	0	0	8.1506e-006
543	0	0	0.60473	0	0	0	0	0	0	0	7.2699e-006
544	0	0	0.52725	0	0	0	0	0	0	0	6.0552e-006
545	0	0	0.43846	0	0	0	0	0	0	0	4.9519e-006
546	0	0	0.38595	0	0	0	0	0	0	0	4.7566e-006
547	0	0	0.34463	0	0	0	0	0	0	0	4.6254e-006
548	0	0	0.32862	0	0	0	0	0	0	0	4.5872e-006
549	0	0	0.31346	0	0	0	0	0	0	0	4.5535e-006
550	0	0	0.31066	0	0	0	0	0	0	0	4.5578e-006
551	0	0	0.29613	0	0	0	0	0	0	0	4.5244e-006
552	0	0	0.30213	0	0	0	0	0	0	0	4.5355e-006
553	0	0	0.2834	0	0	0	0	0	0	0	4.4776e-006
554	0	0	0.26903	0	0	0	0	0	0	0	4.434e-006
555	0	0	0.23438	0	0	0	0	0	0	0	4.3457e-006
556	0	0	0.21083	0	0	0	0	0	0	0	4.2927e-006
557	0	0	0.18573	0	0	0	0	0	0	0	4.2545e-006
558	0	0	0.16117	0	0	0	0	0	0	0	4.222e-006
559	0	0	0.14935	0	0	0	0	0	0	0	4.2112e-006
560	0	0	0.13022	0	0	0	0	0	0	0	4.1921e-006
561	0	0	0.12533	0	0	0	0	0	0	0	4.1915e-006
562	0	0	0.12325	0	0	0	0	0	0	0	4.1943e-006
563	0	0	0.12022	0	0	0	0	0	0	0	4.1961e-006
564	0	0	0.11199	0	0	0	0	0	0	0	4.1921e-006
565	0	0	0.12012	0	0	0	0	0	0	0	4.2057e-006
566	0	0	0.12032	0	0	0	0	0	0	0	4.211e-006
567	0	0	0.12019	0	0	0	0	0	0	0	4.2159e-006
568	0	0	0.11228	0	0	0	0	0	0	0	4.2123e-006
569	0	0	0.12026	0	0	0	0	0	0	0	4.2258e-006
570	0	0	0.1203	0	0	0	0	0	0	0	4.2309e-006
571	0	0	0.11238	0	0	0	0	0	0	0	4.2273e-006
572	0	0	0.12037	0	0	0	0	0	0	0	4.2408e-006
573	0	0	0.1204	0	0	0	0	0	0	0	4.2459e-006
574	0	0	0.11805	0	0	0	0	0	0	0	4.2483e-006
575	0	0	0.11489	0	0	0	0	0	0	0	4.2498e-006
576	0	0	0.12068	0	0	0	0	0	0	0	4.2566e-006
577	0	0	0.12055	0	0	0	0	0	0	0	4.2393e-006
578	0	0	0.11245	0	0	0	0	0	0	0	4.2137e-006
579	0	0	0.12079	0	0	0	0	0	0	0	4.2059e-006
580	0	0	0.12066	0	0	0	0	0	0	0	4.1895e-006
581	0	0	0.11254	0	0	0	0	0	0	0	4.1688e-006
582	0	0	0.1209	0	0	0	0	0	0	0	4.1818e-006
583	0	0	0.12077	0	0	0	0	0	0	0	4.1861e-006
584	0	0	0.1128	0	0	0	0	0	0	0	4.1819e-006
585	0	0	0.12087	0	0	0	0	0	0	0	4.1946e-006
586	0	0	0.12087	0	0	0	0	0	0	0	4.1991e-006
587	0	0	0.11293	0	0	0	0	0	0	0	4.1953e-006
588	0	0	0.12096	0	0	0	0	0	0	0	4.2084e-006
589	0	0	0.11651	0	0	0	0	0	0	0	4.2083e-006
590	0	0	0.11752	0	0	0	0	0	0	0	4.214e-006
591	0	0	0.12107	0	0	0	0	0	0	0	4.2225e-006
592	0	0	0.11484	0	0	0	0	0	0	0	4.2205e-006
593	0	0	0.1194	0	0	0	0	0	0	0	4.2299e-006
594	0	0	0.12118	0	0	0	0	0	0	0	4.2366e-006
595	0	0	0.11321	0	0	0	0	0	0	0	4.2327e-006
596	0	0	0.12126	0	0	0	0	0	0	0	4.2459e-006
597	0	0	0.11962	0	0	0	0	0	0	0	4.2488e-006
598	0	0	0.11499	0	0	0	0	0	0	0	4.2485e-006
599	0	0	0.12137	0	0	0	0	0	0	0	4.26e-006
600	0	0	0.11339	0	0	0	0	0	0	0	4.2561e-006
601	0	0	0.12145	0	0	0	0	0	0	0	4.2694e-006
602	0	0	0.12149	0	0	0	0	0	0	0	4.2742e-006
603	0	0	0.11349	0	0	0	0	0	0	0	4.2703e-006
604	0	0	0.12156	0	0	0	0	0	0	0	4.2835e-006
605	0	0	0.1134	0	0	0	0	0	0	0	4.2794e-006
606	0	0	0.1218	0	0	0	0	0	0	0	4.293e-006
607	0	0	0.12149	0	0	0	0	0	0	0	4.2975e-006
608	0	0	0.11386	0	0	0	0	0	0	0	4.2939e-006
609	0	0	0.12176	0	0	0	0	0	0	0	4.307e-006
610	0	0	0.11358	0	0	0	0	0	0	0	4.3029e-006
611	0	0	0.12199	0	0	0	0	0	0	0	4.3166e-006
612	0	0	0.11364	0	0	0	0	0	0	0	4.3123e-006
613	0	0	0.12191	0	0	0	0	0	0	0	4.3257e-006
614	0	0	0.12212	0	0	0	0	0	0	0	4.3308e-006
615	0	0	0.11376	0	0	0	0	0	0	0	4.3264e-006
616	0	0	0.12219	0	0	0	0	0	0	0	4.3401e-006
617	0	0	0.11383	0	0	0	0	0	0	0	4.3358e-006
618	0	0	0.12209	0	0	0	0	0	0	0	4.3493e-006
619	0	0	0.11407	0	0	0	0	0	0	0	4.3453e-006
620	0	0	0.12218	0	0	0	0	0	0	0	4.3587e-006
621	0	0	0.11397	0	0	0	0	0	0	0	4.3545e-006
622	0	0	0.12242	0	0	0	0	0	0	0	4.3683e-006
623	0	0	0.11404	0	0	0	0	0	0	0	4.3639e-006
624	0	0	0.12249	0	0	0	0	0	0	0	4.3776e-006
625	0	0	0.11827	0	0	0	0	0	0	0	4.3778e-006
626	0	0	0.11824	0	0	0	0	0	0	0	4.3824e-006
627	0	0	0.12262	0	0	0	0	0	0	0	4.3919e-006
628	0	0	0.11422	0	0	0	0	0	0	0	4.3875e-006
629	0	0	0.12255	0	0	0	0	0	0	0	4.4011e-006
630	0	0	0.11442	0	0	0	0	0	0	0	4.397e-006
631	0	0	0.1226	0	0	0	0	0	0	0	4.4105e-006
632	0	0	0.11454	0	0	0	0	0	0	0	4.4065e-006
633	0	0	0.12267	0	0	0	0	0	0	0	4.4199e-006
634	0	0	0.11444	0	0	0	0	0	0	0	4.4157e-006
635	0	0	0.12291	0	0	0	0	0	0	0	4.4295e-006
636	0	0	0.11451	0	0	0	0	0	0	0	4.4251e-006
637	0	0	0.12292	0	0	0	0	0	0	0	4.4389e-006
638	0	0	0.11466	0	0	0	0	0	0	0	4.4346e-006
639	0	0	0.1229	0	0	0	0	0	0	0	4.4482e-006
640	0	0	0.11482	0	0	0	0	0	0	0	4.4441e-006
641	0	0	0.12298	0	0	0	0	0	0	0	4.4576e-006
642	0	0	0.11472	0	0	0	0	0	0	0	4.4533e-006
643	0	0	0.11518	0	0	0	0	0	0	0	4.4583e-006
644	0	0	0.12283	0	0	0	0	0	0	0	4.4713e-006
645	0	0	0.11483	0	0	0	0	0	0	0	4.4673e-006
646	0	0	0.12334	0	0	0	0	0	0	0	4.4812e-006
647	0	0	0.1149	0	0	0	0	0	0	0	4.4767e-006
648	0	0	0.12341	0	0	0	0	0	0	0	4.4906e-006
649	0	0	0.11497	0	0	0	0	0	0	0	4.4861e-006
650	0	0	0.12332	0	0	0	0	0	0	0	4.4999e-006
651	0	0	0.11521	0	0	0	0	0	0	0	4.4958e-006
652	0	0	0.1234	0	0	0	0	0	0	0	4.5094e-006
653	0	0	0.11515	0	0	0	0	0	0	0	4.505e-006
654	0	0	0.11528	0	0	0	0	0	0	0	4.5097e-006
655	0	0	0.12351	0	0	0	0	0	0	0	4.5234e-006
656	0	0	0.11538	0	0	0	0	0	0	0	4.5192e-006
657	0	0	0.12359	0	0	0	0	0	0	0	4.5328e-006
658	0	0	0.11529	0	0	0	0	0	0	0	4.5285e-006
659	0	0	0.12384	0	0	0	0	0	0	0	4.5425e-006
660	0	0	0.11536	0	0	0	0	0	0	0	4.5379e-006
661	0	0	0.11548	0	0	0	0	0	0	0	4.5426e-006
662	0	0	0.12385	0	0	0	0	0	0	0	4.5564e-006
663	0	0	0.11547	0	0	0	0	0	0	0	4.5519e-006
664	0	0	0.12403	0	0	0	0	0	0	0	4.566e-006
665	0	0	0.11554	0	0	0	0	0	0	0	4.5614e-006
666	0	0	0.11557	0	0	0	0	0	0	0	4.566e-006
667	0	0	0.12413	0	0	0	0	0	0	0	4.58e-006
668	0	0	0.11564	0	0	0	0	0	0	0	4.5754e-006
669	0	0	0.1242	0	0	0	0	0	0	0	4.5895e-006
670	0	0	0.11573	0	0	0	0	0	0	0	4.5849e-006
671	0	0	0.11575	0	0	0	0	0	0	0	4.5895e-006
672	0	0	0.12432	0	0	0	0	0	0	0	4.6036e-006
673	0	0	0.11582	0	0	0	0	0	0	0	4.599e-006
674	0	0	0.11991	0	0	0	0	0	0	0	4.608e-006
675	0	0	0.12038	0	0	0	0	0	0	0	4.6132e-006
676	0	0	0.11592	0	0	0	0	0	0	0	4.613e-006
677	0	0	0.12452	0	0	0	0	0	0	0	4.6272e-006
678	0	0	0.116	0	0	0	0	0	0	0	4.6225e-006
679	0	0	0.11603	0	0	0	0	0	0	0	4.6271e-006
680	0	0	0.12462	0	0	0	0	0	0	0	4.6413e-006
681	0	0	0.1161	0	0	0	0	0	0	0	4.6366e-006
682	0	0	0.11613	0	0	0	0	0	0	0	4.6412e-006
683	0	0	0.12475	0	0	0	0	0	0	0	4.6554e-006
684	0	0	0.11621	0	0	0	0	0	0	0	4.6507e-006
685	0	0	0.11641	0	0	0	0	0	0	0	4.6555e-006
686	0	0	0.12469	0	0	0	0	0	0	0	4.6693e-006
687	0	0	0.11649	0	0	0	0	0	0	0	4.665e-006
688	0	0	0.11921	0	0	0	0	0	0	0	4.6725e-006
689	0	0	0.11925	0	0	0	0	0	0	0	4.6773e-006
690	0	0	0.11928	0	0	0	0	0	0	0	4.682e-006
691	0	0	0.11932	0	0	0	0	0	0	0	4.6867e-006
692	0	0	0.11936	0	0	0	0	0	0	0	4.6914e-006
693	0	0	0.11939	0	0	0	0	0	0	0	4.696e-006
694	0	0	0.11907	0	0	0	0	0	0	0	4.7003e-006
